( cnx_main , 1 , 0.126746 , 1 , 1000 , 120 , 50 , 10 , 12 , 5 , 1 , 2 , 2 )
( cnx_main , 0 , 0.127027 , 1 , 0 , 0 , 0 , 0 , 0 , 0 , 0 , 0 , 0 )
( cnx_slice1 , 1 , 0.127034 , 2 , 15039303 , 3235056 , 1623677 , 10500 , 6470 , 3247 , 270 , 1617 , 811 )
( cnx_generator1221118 , 1 , 0.12704 , 1 , 9038501 , 2210993 , 1469871 , 700 , 6632 , 1469 , 380 , 60 , 14 )
( cnx_slice2 , 1 , 0.127047 , 1 , 15039303 , 3235056 , 1623677 , 10500 , 6470 , 3247 , 270 , 1617 , 811 )
( cnx_slice2 , 0 , 0.148484 , 1 , 0 , 0 , 0 , 0 , 0 , 0 , 0 , 0 , 0 )
( cnx_filter2 , 1 , 0.14849 , 1 , 17000000 , 3235056 , 1623677 , 10500 , 6470 , 3247 , 270 , 1617 , 811 )
( cnx_slice1 , 0 , 0.152725 , 2 , 0 , 0 , 0 , 0 , 0 , 0 , 0 , 0 , 0 )
( cnx_filter1 , 1 , 0.152733 , 2 , 17000000 , 3235056 , 1623677 , 10500 , 6470 , 3247 , 270 , 1617 , 811 )
( cnx_filter2 , 0 , 0.171524 , 1 , 0 , 0 , 0 , 0 , 0 , 0 , 0 , 0 , 0 )
( cnx_out2 , 1 , 0.171531 , 1 , 10000 , 1200 , 500 , 100 , 120 , 50 , 10 , 12 , 5 )
( cnx_out2 , 0 , 0.171783 , 1 , 0 , 0 , 0 , 0 , 0 , 0 , 0 , 0 , 0 )
( cnx_filter1 , 0 , 0.180306 , 2 , 0 , 0 , 0 , 0 , 0 , 0 , 0 , 0 , 0 )
( cnx_out1 , 1 , 0.180312 , 1 , 10000 , 1200 , 500 , 100 , 120 , 50 , 10 , 12 , 5 )
( cnx_out1 , 0 , 0.180569 , 1 , 0 , 0 , 0 , 0 , 0 , 0 , 0 , 0 , 0 )
( cnx_generator1221118 , 0 , 0.185969 , 1 , 0 , 0 , 0 , 0 , 0 , 0 , 0 , 0 , 0 )
( cnx_cypher1221118 , 1 , 0.185982 , 2 , 2476410 , 605778 , 402722 , 191 , 1817 , 402 , 104 , 18 , 4 )
( cnx_cypher1221118 , 0 , 0.190764 , 2 , 0 , 0 , 0 , 0 , 0 , 0 , 0 , 0 , 0 )
( cnx_coder1221118 , 1 , 0.190771 , 1 , 3849548 , 941674 , 626026 , 300 , 2825 , 626 , 162 , 30 , 7 )
( cnx_coder1221118 , 0 , 0.196861 , 1 , 0 , 0 , 0 , 0 , 0 , 0 , 0 , 0 , 0 )
( cnx_modulator1221118 , 1 , 0.196873 , 2 , 4180927 , 1022736 , 679916 , 323 , 3068 , 679 , 176 , 31 , 7 )
( cnx_modulator1221118 , 0 , 0.204783 , 2 , 0 , 0 , 0 , 0 , 0 , 0 , 0 , 0 , 0 )
( cnx_snk1221118 , 1 , 0.204795 , 1 , 295661 , 72324 , 48081 , 23 , 216 , 48 , 12 , 2 , 1 )
( cnx_end1221118 , 1 , 0.205532 , 1 , 100 , 12 , 5 , 1 , 1 , 5 , 1 , 2 , 2 )
( cnx_end1221118 , 0 , 0.205765 , 1 , 0 , 0 , 0 , 0 , 0 , 0 , 0 , 0 , 0 )
( cnx_snk1221118 , 0 , 0.205767 , 1 , 0 , 0 , 0 , 0 , 0 , 0 , 0 , 0 , 0 )
( cnx_main , 1 , 0.206704 , 1 , 1000 , 120 , 50 , 10 , 12 , 5 , 1 , 2 , 2 )
( cnx_main , 0 , 0.206989 , 1 , 0 , 0 , 0 , 0 , 0 , 0 , 0 , 0 , 0 )
( cnx_slice2 , 1 , 0.206997 , 1 , 15039303 , 3235056 , 1623677 , 10500 , 6470 , 3247 , 270 , 1617 , 811 )
( cnx_slice1 , 1 , 0.207 , 2 , 15039303 , 3235056 , 1623677 , 10500 , 6470 , 3247 , 270 , 1617 , 811 )
( cnx_slice2 , 0 , 0.228359 , 1 , 0 , 0 , 0 , 0 , 0 , 0 , 0 , 0 , 0 )
( cnx_filter2 , 1 , 0.228361 , 1 , 17000000 , 3235056 , 1623677 , 10500 , 6470 , 3247 , 270 , 1617 , 811 )
( cnx_slice1 , 0 , 0.232692 , 2 , 0 , 0 , 0 , 0 , 0 , 0 , 0 , 0 , 0 )
( cnx_filter1 , 1 , 0.232696 , 2 , 17000000 , 3235056 , 1623677 , 10500 , 6470 , 3247 , 270 , 1617 , 811 )
( cnx_filter2 , 0 , 0.251393 , 1 , 0 , 0 , 0 , 0 , 0 , 0 , 0 , 0 , 0 )
( cnx_out2 , 1 , 0.251397 , 1 , 10000 , 1200 , 500 , 100 , 120 , 50 , 10 , 12 , 5 )
( cnx_out2 , 0 , 0.251651 , 1 , 0 , 0 , 0 , 0 , 0 , 0 , 0 , 0 , 0 )
( cnx_generator1221118 , 1 , 0.251653 , 1 , 9038501 , 2210993 , 1469871 , 700 , 6632 , 1469 , 380 , 60 , 14 )
( cnx_filter1 , 0 , 0.26031 , 2 , 0 , 0 , 0 , 0 , 0 , 0 , 0 , 0 , 0 )
( cnx_out1 , 1 , 0.260313 , 1 , 10000 , 1200 , 500 , 100 , 120 , 50 , 10 , 12 , 5 )
( cnx_write_buffer , 1 , 0.260318 , 2 , 0 , 0 , 0 , 0 , 0 , 0 , 0 , 0 , 0 )
( cnx_write_buffer , 0 , 0.26033 , 2 , 0 , 0 , 0 , 0 , 0 , 0 , 0 , 0 , 0 )
( cnx_out1 , 0 , 0.260566 , 1 , 0 , 0 , 0 , 0 , 0 , 0 , 0 , 0 , 0 )
( cnx_generator1221118 , 0 , 0.265845 , 1 , 0 , 0 , 0 , 0 , 0 , 0 , 0 , 0 , 0 )
( cnx_cypher1221118 , 1 , 0.265849 , 2 , 2476410 , 605778 , 402722 , 191 , 1817 , 402 , 104 , 18 , 4 )
( cnx_cypher1221118 , 0 , 0.270688 , 2 , 0 , 0 , 0 , 0 , 0 , 0 , 0 , 0 , 0 )
( cnx_coder1221118 , 1 , 0.270693 , 1 , 3849548 , 941674 , 626026 , 300 , 2825 , 626 , 162 , 30 , 7 )
( cnx_coder1221118 , 0 , 0.27674 , 1 , 0 , 0 , 0 , 0 , 0 , 0 , 0 , 0 , 0 )
( cnx_modulator1221118 , 1 , 0.276744 , 2 , 4180927 , 1022736 , 679916 , 323 , 3068 , 679 , 176 , 31 , 7 )
( cnx_modulator1221118 , 0 , 0.284651 , 2 , 0 , 0 , 0 , 0 , 0 , 0 , 0 , 0 , 0 )
( cnx_snk1221118 , 1 , 0.284655 , 1 , 295661 , 72324 , 48081 , 23 , 216 , 48 , 12 , 2 , 1 )
( cnx_end1221118 , 1 , 0.285394 , 1 , 100 , 12 , 5 , 1 , 1 , 5 , 1 , 2 , 2 )
( cnx_end1221118 , 0 , 0.285626 , 1 , 0 , 0 , 0 , 0 , 0 , 0 , 0 , 0 , 0 )
( cnx_snk1221118 , 0 , 0.285628 , 1 , 0 , 0 , 0 , 0 , 0 , 0 , 0 , 0 , 0 )
( cnx_main , 1 , 0.286702 , 1 , 1000 , 120 , 50 , 10 , 12 , 5 , 1 , 2 , 2 )
( cnx_main , 0 , 0.286987 , 1 , 0 , 0 , 0 , 0 , 0 , 0 , 0 , 0 , 0 )
( cnx_slice2 , 1 , 0.286991 , 1 , 15039303 , 3235056 , 1623677 , 10500 , 6470 , 3247 , 270 , 1617 , 811 )
( cnx_slice1 , 1 , 0.286991 , 2 , 15039303 , 3235056 , 1623677 , 10500 , 6470 , 3247 , 270 , 1617 , 811 )
( cnx_slice2 , 0 , 0.308355 , 1 , 0 , 0 , 0 , 0 , 0 , 0 , 0 , 0 , 0 )
( cnx_filter2 , 1 , 0.308358 , 1 , 17000000 , 3235056 , 1623677 , 10500 , 6470 , 3247 , 270 , 1617 , 811 )
( cnx_slice1 , 0 , 0.312653 , 2 , 0 , 0 , 0 , 0 , 0 , 0 , 0 , 0 , 0 )
( cnx_filter1 , 1 , 0.312657 , 2 , 17000000 , 3235056 , 1623677 , 10500 , 6470 , 3247 , 270 , 1617 , 811 )
( cnx_filter2 , 0 , 0.331327 , 1 , 0 , 0 , 0 , 0 , 0 , 0 , 0 , 0 , 0 )
( cnx_out2 , 1 , 0.33133 , 1 , 10000 , 1200 , 500 , 100 , 120 , 50 , 10 , 12 , 5 )
( cnx_out2 , 0 , 0.331581 , 1 , 0 , 0 , 0 , 0 , 0 , 0 , 0 , 0 , 0 )
( cnx_generator1221118 , 1 , 0.331584 , 1 , 9038501 , 2210993 , 1469871 , 700 , 6632 , 1469 , 380 , 60 , 14 )
( cnx_filter1 , 0 , 0.340331 , 2 , 0 , 0 , 0 , 0 , 0 , 0 , 0 , 0 , 0 )
( cnx_out1 , 1 , 0.340334 , 1 , 10000 , 1200 , 500 , 100 , 120 , 50 , 10 , 12 , 5 )
( cnx_out1 , 0 , 0.340589 , 1 , 0 , 0 , 0 , 0 , 0 , 0 , 0 , 0 , 0 )
( cnx_write_buffer , 1 , 0.340593 , 2 , 0 , 0 , 0 , 0 , 0 , 0 , 0 , 0 , 0 )
( cnx_write_buffer , 0 , 0.34061 , 2 , 0 , 0 , 0 , 0 , 0 , 0 , 0 , 0 , 0 )
( cnx_generator1221118 , 0 , 0.345764 , 1 , 0 , 0 , 0 , 0 , 0 , 0 , 0 , 0 , 0 )
( cnx_cypher1221118 , 1 , 0.345768 , 2 , 2476410 , 605778 , 402722 , 191 , 1817 , 402 , 104 , 18 , 4 )
( cnx_cypher1221118 , 0 , 0.350578 , 2 , 0 , 0 , 0 , 0 , 0 , 0 , 0 , 0 , 0 )
( cnx_coder1221118 , 1 , 0.350582 , 1 , 3849548 , 941674 , 626026 , 300 , 2825 , 626 , 162 , 30 , 7 )
( cnx_coder1221118 , 0 , 0.356668 , 1 , 0 , 0 , 0 , 0 , 0 , 0 , 0 , 0 , 0 )
( cnx_modulator1221118 , 1 , 0.356673 , 2 , 4180927 , 1022736 , 679916 , 323 , 3068 , 679 , 176 , 31 , 7 )
( cnx_modulator1221118 , 0 , 0.364622 , 2 , 0 , 0 , 0 , 0 , 0 , 0 , 0 , 0 , 0 )
( cnx_snk1221118 , 1 , 0.364627 , 1 , 295661 , 72324 , 48081 , 23 , 216 , 48 , 12 , 2 , 1 )
( cnx_end1221118 , 1 , 0.365359 , 1 , 100 , 12 , 5 , 1 , 1 , 5 , 1 , 2 , 2 )
( cnx_end1221118 , 0 , 0.365591 , 1 , 0 , 0 , 0 , 0 , 0 , 0 , 0 , 0 , 0 )
( cnx_snk1221118 , 0 , 0.365593 , 1 , 0 , 0 , 0 , 0 , 0 , 0 , 0 , 0 , 0 )
( cnx_main , 1 , 0.366703 , 1 , 1000 , 120 , 50 , 10 , 12 , 5 , 1 , 2 , 2 )
( cnx_main , 0 , 0.366997 , 1 , 0 , 0 , 0 , 0 , 0 , 0 , 0 , 0 , 0 )
( cnx_slice1 , 1 , 0.367 , 2 , 12000000 , 3035056 , 1323677 , 10000 , 6000 , 3000 , 260 , 1500 , 800 )
( cnx_generator1221118 , 1 , 0.367003 , 1 , 9038501 , 2210993 , 1469871 , 700 , 6632 , 1469 , 380 , 60 , 14 )
( cnx_slice2 , 1 , 0.367008 , 1 , 12000000 , 3035056 , 1323677 , 10000 , 6000 , 3000 , 260 , 1500 , 800 )
( cnx_slice2 , 0 , 0.38501 , 1 , 0 , 0 , 0 , 0 , 0 , 0 , 0 , 0 , 0 )
( cnx_filter2 , 1 , 0.385012 , 1 , 17000000 , 3235056 , 1623677 , 10500 , 6470 , 3247 , 270 , 1617 , 811 )
( cnx_slice1 , 0 , 0.388633 , 2 , 0 , 0 , 0 , 0 , 0 , 0 , 0 , 0 , 0 )
( cnx_filter1 , 1 , 0.388637 , 2 , 17000000 , 3235056 , 1623677 , 10500 , 6470 , 3247 , 270 , 1617 , 811 )
( cnx_filter2 , 0 , 0.408068 , 1 , 0 , 0 , 0 , 0 , 0 , 0 , 0 , 0 , 0 )
( cnx_out2 , 1 , 0.408072 , 1 , 10000 , 1200 , 500 , 100 , 120 , 50 , 10 , 12 , 5 )
( cnx_out2 , 0 , 0.408323 , 1 , 0 , 0 , 0 , 0 , 0 , 0 , 0 , 0 , 0 )
( cnx_filter1 , 0 , 0.416213 , 2 , 0 , 0 , 0 , 0 , 0 , 0 , 0 , 0 , 0 )
( cnx_out1 , 1 , 0.416216 , 1 , 10000 , 1200 , 500 , 100 , 120 , 50 , 10 , 12 , 5 )
( cnx_out1 , 0 , 0.416468 , 1 , 0 , 0 , 0 , 0 , 0 , 0 , 0 , 0 , 0 )
( cnx_generator1221118 , 0 , 0.422491 , 1 , 0 , 0 , 0 , 0 , 0 , 0 , 0 , 0 , 0 )
( cnx_cypher1221118 , 1 , 0.422496 , 2 , 2476410 , 605778 , 402722 , 191 , 1817 , 402 , 104 , 18 , 4 )
( cnx_cypher1221118 , 0 , 0.427373 , 2 , 0 , 0 , 0 , 0 , 0 , 0 , 0 , 0 , 0 )
( cnx_coder1221118 , 1 , 0.427378 , 1 , 3849548 , 941674 , 626026 , 300 , 2825 , 626 , 162 , 30 , 7 )
( cnx_coder1221118 , 0 , 0.433468 , 1 , 0 , 0 , 0 , 0 , 0 , 0 , 0 , 0 , 0 )
( cnx_modulator1221118 , 1 , 0.433472 , 2 , 4180927 , 1022736 , 679916 , 323 , 3068 , 679 , 176 , 31 , 7 )
( cnx_modulator1221118 , 0 , 0.441382 , 2 , 0 , 0 , 0 , 0 , 0 , 0 , 0 , 0 , 0 )
( cnx_snk1221118 , 1 , 0.441386 , 1 , 295661 , 72324 , 48081 , 23 , 216 , 48 , 12 , 2 , 1 )
( cnx_end1221118 , 1 , 0.442121 , 1 , 100 , 12 , 5 , 1 , 1 , 5 , 1 , 2 , 2 )
( cnx_end1221118 , 0 , 0.442353 , 1 , 0 , 0 , 0 , 0 , 0 , 0 , 0 , 0 , 0 )
( cnx_snk1221118 , 0 , 0.442355 , 1 , 0 , 0 , 0 , 0 , 0 , 0 , 0 , 0 , 0 )
( cnx_main , 1 , 0.446702 , 1 , 1000 , 120 , 50 , 10 , 12 , 5 , 1 , 2 , 2 )
( cnx_main , 0 , 0.446984 , 1 , 0 , 0 , 0 , 0 , 0 , 0 , 0 , 0 , 0 )
( cnx_slice1 , 1 , 0.446987 , 2 , 15039303 , 3235056 , 1623677 , 10500 , 6470 , 3247 , 270 , 1617 , 811 )
( cnx_generator1221118 , 1 , 0.446989 , 1 , 9038501 , 2210993 , 1469871 , 700 , 6632 , 1469 , 380 , 60 , 14 )
( cnx_slice2 , 1 , 0.446994 , 1 , 15039303 , 3235056 , 1623677 , 10500 , 6470 , 3247 , 270 , 1617 , 811 )
( cnx_slice2 , 0 , 0.468338 , 1 , 0 , 0 , 0 , 0 , 0 , 0 , 0 , 0 , 0 )
( cnx_filter2 , 1 , 0.46834 , 1 , 17000000 , 3235056 , 1623677 , 10500 , 6470 , 3247 , 270 , 1617 , 811 )
( cnx_slice1 , 0 , 0.472685 , 2 , 0 , 0 , 0 , 0 , 0 , 0 , 0 , 0 , 0 )
( cnx_filter1 , 1 , 0.472688 , 2 , 17000000 , 3235056 , 1623677 , 10500 , 6470 , 3247 , 270 , 1617 , 811 )
( cnx_filter2 , 0 , 0.491297 , 1 , 0 , 0 , 0 , 0 , 0 , 0 , 0 , 0 , 0 )
( cnx_out2 , 1 , 0.491301 , 1 , 10000 , 1200 , 500 , 100 , 120 , 50 , 10 , 12 , 5 )
( cnx_out2 , 0 , 0.491555 , 1 , 0 , 0 , 0 , 0 , 0 , 0 , 0 , 0 , 0 )
( cnx_filter1 , 0 , 0.500248 , 2 , 0 , 0 , 0 , 0 , 0 , 0 , 0 , 0 , 0 )
( cnx_out1 , 1 , 0.500251 , 1 , 10000 , 1200 , 500 , 100 , 120 , 50 , 10 , 12 , 5 )
( cnx_write_buffer , 1 , 0.500253 , 2 , 0 , 0 , 0 , 0 , 0 , 0 , 0 , 0 , 0 )
( cnx_write_buffer , 0 , 0.500265 , 2 , 0 , 0 , 0 , 0 , 0 , 0 , 0 , 0 , 0 )
( cnx_out1 , 0 , 0.500503 , 1 , 0 , 0 , 0 , 0 , 0 , 0 , 0 , 0 , 0 )
( cnx_generator1221118 , 0 , 0.505717 , 1 , 0 , 0 , 0 , 0 , 0 , 0 , 0 , 0 , 0 )
( cnx_cypher1221118 , 1 , 0.505721 , 2 , 2476410 , 605778 , 402722 , 191 , 1817 , 402 , 104 , 18 , 4 )
( cnx_cypher1221118 , 0 , 0.510536 , 2 , 0 , 0 , 0 , 0 , 0 , 0 , 0 , 0 , 0 )
( cnx_coder1221118 , 1 , 0.51054 , 1 , 3849548 , 941674 , 626026 , 300 , 2825 , 626 , 162 , 30 , 7 )
( cnx_coder1221118 , 0 , 0.51663 , 1 , 0 , 0 , 0 , 0 , 0 , 0 , 0 , 0 , 0 )
( cnx_modulator1221118 , 1 , 0.516634 , 2 , 4180927 , 1022736 , 679916 , 323 , 3068 , 679 , 176 , 31 , 7 )
( cnx_modulator1221118 , 0 , 0.524538 , 2 , 0 , 0 , 0 , 0 , 0 , 0 , 0 , 0 , 0 )
( cnx_snk1221118 , 1 , 0.524543 , 1 , 295661 , 72324 , 48081 , 23 , 216 , 48 , 12 , 2 , 1 )
( cnx_end1221118 , 1 , 0.525277 , 1 , 100 , 12 , 5 , 1 , 1 , 5 , 1 , 2 , 2 )
( cnx_end1221118 , 0 , 0.525509 , 1 , 0 , 0 , 0 , 0 , 0 , 0 , 0 , 0 , 0 )
( cnx_snk1221118 , 0 , 0.525511 , 1 , 0 , 0 , 0 , 0 , 0 , 0 , 0 , 0 , 0 )
( cnx_main , 1 , 0.526702 , 1 , 1000 , 120 , 50 , 10 , 12 , 5 , 1 , 2 , 2 )
( cnx_main , 0 , 0.526981 , 1 , 0 , 0 , 0 , 0 , 0 , 0 , 0 , 0 , 0 )
( cnx_slice1 , 1 , 0.526984 , 2 , 15039303 , 3235056 , 1623677 , 10500 , 6470 , 3247 , 270 , 1617 , 811 )
( cnx_generator1221118 , 1 , 0.526986 , 1 , 9038501 , 2210993 , 1469871 , 700 , 6632 , 1469 , 380 , 60 , 14 )
( cnx_slice2 , 1 , 0.526991 , 1 , 15039303 , 3235056 , 1623677 , 10500 , 6470 , 3247 , 270 , 1617 , 811 )
( cnx_slice2 , 0 , 0.548346 , 1 , 0 , 0 , 0 , 0 , 0 , 0 , 0 , 0 , 0 )
( cnx_filter2 , 1 , 0.548349 , 1 , 17000000 , 3235056 , 1623677 , 10500 , 6470 , 3247 , 270 , 1617 , 811 )
( cnx_slice1 , 0 , 0.552617 , 2 , 0 , 0 , 0 , 0 , 0 , 0 , 0 , 0 , 0 )
( cnx_filter1 , 1 , 0.552621 , 2 , 17000000 , 3235056 , 1623677 , 10500 , 6470 , 3247 , 270 , 1617 , 811 )
( cnx_filter2 , 0 , 0.57131 , 1 , 0 , 0 , 0 , 0 , 0 , 0 , 0 , 0 , 0 )
( cnx_out2 , 1 , 0.571313 , 1 , 10000 , 1200 , 500 , 100 , 120 , 50 , 10 , 12 , 5 )
( cnx_out2 , 0 , 0.571565 , 1 , 0 , 0 , 0 , 0 , 0 , 0 , 0 , 0 , 0 )
( cnx_filter1 , 0 , 0.580251 , 2 , 0 , 0 , 0 , 0 , 0 , 0 , 0 , 0 , 0 )
( cnx_out1 , 1 , 0.580253 , 1 , 10000 , 1200 , 500 , 100 , 120 , 50 , 10 , 12 , 5 )
( cnx_out1 , 0 , 0.580508 , 1 , 0 , 0 , 0 , 0 , 0 , 0 , 0 , 0 , 0 )
( cnx_write_buffer , 1 , 0.580512 , 2 , 0 , 0 , 0 , 0 , 0 , 0 , 0 , 0 , 0 )
( cnx_write_buffer , 0 , 0.580529 , 2 , 0 , 0 , 0 , 0 , 0 , 0 , 0 , 0 , 0 )
( cnx_generator1221118 , 0 , 0.585739 , 1 , 0 , 0 , 0 , 0 , 0 , 0 , 0 , 0 , 0 )
( cnx_cypher1221118 , 1 , 0.585743 , 2 , 2476410 , 605778 , 402722 , 191 , 1817 , 402 , 104 , 18 , 4 )
( cnx_cypher1221118 , 0 , 0.590645 , 2 , 0 , 0 , 0 , 0 , 0 , 0 , 0 , 0 , 0 )
( cnx_coder1221118 , 1 , 0.590649 , 1 , 3849548 , 941674 , 626026 , 300 , 2825 , 626 , 162 , 30 , 7 )
( cnx_coder1221118 , 0 , 0.596742 , 1 , 0 , 0 , 0 , 0 , 0 , 0 , 0 , 0 , 0 )
( cnx_modulator1221118 , 1 , 0.596746 , 2 , 4180927 , 1022736 , 679916 , 323 , 3068 , 679 , 176 , 31 , 7 )
( cnx_modulator1221118 , 0 , 0.604661 , 2 , 0 , 0 , 0 , 0 , 0 , 0 , 0 , 0 , 0 )
( cnx_snk1221118 , 1 , 0.604665 , 1 , 295661 , 72324 , 48081 , 23 , 216 , 48 , 12 , 2 , 1 )
( cnx_end1221118 , 1 , 0.605401 , 1 , 100 , 12 , 5 , 1 , 1 , 5 , 1 , 2 , 2 )
( cnx_end1221118 , 0 , 0.605633 , 1 , 0 , 0 , 0 , 0 , 0 , 0 , 0 , 0 , 0 )
( cnx_snk1221118 , 0 , 0.605635 , 1 , 0 , 0 , 0 , 0 , 0 , 0 , 0 , 0 , 0 )
( cnx_main , 1 , 0.606703 , 1 , 1000 , 120 , 50 , 10 , 12 , 5 , 1 , 2 , 2 )
( cnx_main , 0 , 0.606981 , 1 , 0 , 0 , 0 , 0 , 0 , 0 , 0 , 0 , 0 )
( cnx_slice2 , 1 , 0.606985 , 1 , 15039303 , 3235056 , 1623677 , 10500 , 6470 , 3247 , 270 , 1617 , 811 )
( cnx_slice1 , 1 , 0.606986 , 2 , 15039303 , 3235056 , 1623677 , 10500 , 6470 , 3247 , 270 , 1617 , 811 )
( cnx_slice2 , 0 , 0.628455 , 1 , 0 , 0 , 0 , 0 , 0 , 0 , 0 , 0 , 0 )
( cnx_filter2 , 1 , 0.628458 , 1 , 17000000 , 3235056 , 1623677 , 10500 , 6470 , 3247 , 270 , 1617 , 811 )
( cnx_slice1 , 0 , 0.632729 , 2 , 0 , 0 , 0 , 0 , 0 , 0 , 0 , 0 , 0 )
( cnx_filter1 , 1 , 0.632732 , 2 , 17000000 , 3235056 , 1623677 , 10500 , 6470 , 3247 , 270 , 1617 , 811 )
( cnx_filter2 , 0 , 0.651429 , 1 , 0 , 0 , 0 , 0 , 0 , 0 , 0 , 0 , 0 )
( cnx_out2 , 1 , 0.651433 , 1 , 10000 , 1200 , 500 , 100 , 120 , 50 , 10 , 12 , 5 )
( cnx_out2 , 0 , 0.651684 , 1 , 0 , 0 , 0 , 0 , 0 , 0 , 0 , 0 , 0 )
( cnx_generator1221118 , 1 , 0.651686 , 1 , 9038501 , 2210993 , 1469871 , 700 , 6632 , 1469 , 380 , 60 , 14 )
( cnx_filter1 , 0 , 0.660324 , 2 , 0 , 0 , 0 , 0 , 0 , 0 , 0 , 0 , 0 )
( cnx_out1 , 1 , 0.660327 , 1 , 10000 , 1200 , 500 , 100 , 120 , 50 , 10 , 12 , 5 )
( cnx_out1 , 0 , 0.660578 , 1 , 0 , 0 , 0 , 0 , 0 , 0 , 0 , 0 , 0 )
( cnx_generator1221118 , 0 , 0.665862 , 1 , 0 , 0 , 0 , 0 , 0 , 0 , 0 , 0 , 0 )
( cnx_cypher1221118 , 1 , 0.665867 , 2 , 2476410 , 605778 , 402722 , 191 , 1817 , 402 , 104 , 18 , 4 )
( cnx_cypher1221118 , 0 , 0.670681 , 2 , 0 , 0 , 0 , 0 , 0 , 0 , 0 , 0 , 0 )
( cnx_coder1221118 , 1 , 0.670685 , 1 , 3849548 , 941674 , 626026 , 300 , 2825 , 626 , 162 , 30 , 7 )
( cnx_coder1221118 , 0 , 0.67678 , 1 , 0 , 0 , 0 , 0 , 0 , 0 , 0 , 0 , 0 )
( cnx_modulator1221118 , 1 , 0.676784 , 2 , 4180927 , 1022736 , 679916 , 323 , 3068 , 679 , 176 , 31 , 7 )
( cnx_modulator1221118 , 0 , 0.684699 , 2 , 0 , 0 , 0 , 0 , 0 , 0 , 0 , 0 , 0 )
( cnx_snk1221118 , 1 , 0.684703 , 1 , 295661 , 72324 , 48081 , 23 , 216 , 48 , 12 , 2 , 1 )
( cnx_end1221118 , 1 , 0.685434 , 1 , 100 , 12 , 5 , 1 , 1 , 5 , 1 , 2 , 2 )
( cnx_end1221118 , 0 , 0.685666 , 1 , 0 , 0 , 0 , 0 , 0 , 0 , 0 , 0 , 0 )
( cnx_snk1221118 , 0 , 0.685668 , 1 , 0 , 0 , 0 , 0 , 0 , 0 , 0 , 0 , 0 )
( cnx_main , 1 , 0.686702 , 1 , 1000 , 120 , 50 , 10 , 12 , 5 , 1 , 2 , 2 )
( cnx_main , 0 , 0.686981 , 1 , 0 , 0 , 0 , 0 , 0 , 0 , 0 , 0 , 0 )
( cnx_slice2 , 1 , 0.686984 , 1 , 12000000 , 3035056 , 1323677 , 10000 , 6000 , 3000 , 260 , 1500 , 800 )
( cnx_slice1 , 1 , 0.686985 , 2 , 12000000 , 3035056 , 1323677 , 10000 , 6000 , 3000 , 260 , 1500 , 800 )
( cnx_slice2 , 0 , 0.704982 , 1 , 0 , 0 , 0 , 0 , 0 , 0 , 0 , 0 , 0 )
( cnx_filter2 , 1 , 0.704985 , 1 , 17000000 , 3235056 , 1623677 , 10500 , 6470 , 3247 , 270 , 1617 , 811 )
( cnx_slice1 , 0 , 0.708598 , 2 , 0 , 0 , 0 , 0 , 0 , 0 , 0 , 0 , 0 )
( cnx_filter1 , 1 , 0.708602 , 2 , 17000000 , 3235056 , 1623677 , 10500 , 6470 , 3247 , 270 , 1617 , 811 )
( cnx_filter2 , 0 , 0.727964 , 1 , 0 , 0 , 0 , 0 , 0 , 0 , 0 , 0 , 0 )
( cnx_out2 , 1 , 0.727968 , 1 , 10000 , 1200 , 500 , 100 , 120 , 50 , 10 , 12 , 5 )
( cnx_out2 , 0 , 0.728222 , 1 , 0 , 0 , 0 , 0 , 0 , 0 , 0 , 0 , 0 )
( cnx_generator1221118 , 1 , 0.728224 , 1 , 9038501 , 2210993 , 1469871 , 700 , 6632 , 1469 , 380 , 60 , 14 )
( cnx_filter1 , 0 , 0.736159 , 2 , 0 , 0 , 0 , 0 , 0 , 0 , 0 , 0 , 0 )
( cnx_out1 , 1 , 0.736163 , 1 , 10000 , 1200 , 500 , 100 , 120 , 50 , 10 , 12 , 5 )
( cnx_write_buffer , 1 , 0.736166 , 2 , 0 , 0 , 0 , 0 , 0 , 0 , 0 , 0 , 0 )
( cnx_write_buffer , 0 , 0.736177 , 2 , 0 , 0 , 0 , 0 , 0 , 0 , 0 , 0 , 0 )
( cnx_out1 , 0 , 0.736415 , 1 , 0 , 0 , 0 , 0 , 0 , 0 , 0 , 0 , 0 )
( cnx_generator1221118 , 0 , 0.742389 , 1 , 0 , 0 , 0 , 0 , 0 , 0 , 0 , 0 , 0 )
( cnx_cypher1221118 , 1 , 0.742393 , 2 , 2476410 , 605778 , 402722 , 191 , 1817 , 402 , 104 , 18 , 4 )
( cnx_cypher1221118 , 0 , 0.747204 , 2 , 0 , 0 , 0 , 0 , 0 , 0 , 0 , 0 , 0 )
( cnx_coder1221118 , 1 , 0.747213 , 1 , 3849548 , 941674 , 626026 , 300 , 2825 , 626 , 162 , 30 , 7 )
( cnx_coder1221118 , 0 , 0.753263 , 1 , 0 , 0 , 0 , 0 , 0 , 0 , 0 , 0 , 0 )
( cnx_modulator1221118 , 1 , 0.753267 , 2 , 4180927 , 1022736 , 679916 , 323 , 3068 , 679 , 176 , 31 , 7 )
( cnx_modulator1221118 , 0 , 0.761242 , 2 , 0 , 0 , 0 , 0 , 0 , 0 , 0 , 0 , 0 )
( cnx_snk1221118 , 1 , 0.761246 , 1 , 295661 , 72324 , 48081 , 23 , 216 , 48 , 12 , 2 , 1 )
( cnx_end1221118 , 1 , 0.761977 , 1 , 100 , 12 , 5 , 1 , 1 , 5 , 1 , 2 , 2 )
( cnx_end1221118 , 0 , 0.76221 , 1 , 0 , 0 , 0 , 0 , 0 , 0 , 0 , 0 , 0 )
( cnx_snk1221118 , 0 , 0.762212 , 1 , 0 , 0 , 0 , 0 , 0 , 0 , 0 , 0 , 0 )
( cnx_main , 1 , 0.766703 , 1 , 1000 , 120 , 50 , 10 , 12 , 5 , 1 , 2 , 2 )
( cnx_main , 0 , 0.766987 , 1 , 0 , 0 , 0 , 0 , 0 , 0 , 0 , 0 , 0 )
( cnx_slice2 , 1 , 0.76699 , 1 , 15039303 , 3235056 , 1623677 , 10500 , 6470 , 3247 , 270 , 1617 , 811 )
( cnx_slice1 , 1 , 0.766991 , 2 , 15039303 , 3235056 , 1623677 , 10500 , 6470 , 3247 , 270 , 1617 , 811 )
( cnx_slice2 , 0 , 0.788345 , 1 , 0 , 0 , 0 , 0 , 0 , 0 , 0 , 0 , 0 )
( cnx_filter2 , 1 , 0.788348 , 1 , 17000000 , 3235056 , 1623677 , 10500 , 6470 , 3247 , 270 , 1617 , 811 )
( cnx_slice1 , 0 , 0.792633 , 2 , 0 , 0 , 0 , 0 , 0 , 0 , 0 , 0 , 0 )
( cnx_filter1 , 1 , 0.792637 , 2 , 17000000 , 3235056 , 1623677 , 10500 , 6470 , 3247 , 270 , 1617 , 811 )
( cnx_filter2 , 0 , 0.81131 , 1 , 0 , 0 , 0 , 0 , 0 , 0 , 0 , 0 , 0 )
( cnx_out2 , 1 , 0.811313 , 1 , 10000 , 1200 , 500 , 100 , 120 , 50 , 10 , 12 , 5 )
( cnx_out2 , 0 , 0.811564 , 1 , 0 , 0 , 0 , 0 , 0 , 0 , 0 , 0 , 0 )
( cnx_generator1221118 , 1 , 0.811566 , 1 , 9038501 , 2210993 , 1469871 , 700 , 6632 , 1469 , 380 , 60 , 14 )
( cnx_filter1 , 0 , 0.820212 , 2 , 0 , 0 , 0 , 0 , 0 , 0 , 0 , 0 , 0 )
( cnx_out1 , 1 , 0.820215 , 1 , 10000 , 1200 , 500 , 100 , 120 , 50 , 10 , 12 , 5 )
( cnx_out1 , 0 , 0.820471 , 1 , 0 , 0 , 0 , 0 , 0 , 0 , 0 , 0 , 0 )
( cnx_write_buffer , 1 , 0.820474 , 2 , 0 , 0 , 0 , 0 , 0 , 0 , 0 , 0 , 0 )
( cnx_write_buffer , 0 , 0.820491 , 2 , 0 , 0 , 0 , 0 , 0 , 0 , 0 , 0 , 0 )
( cnx_generator1221118 , 0 , 0.825848 , 1 , 0 , 0 , 0 , 0 , 0 , 0 , 0 , 0 , 0 )
( cnx_cypher1221118 , 1 , 0.825851 , 2 , 2476410 , 605778 , 402722 , 191 , 1817 , 402 , 104 , 18 , 4 )
( cnx_cypher1221118 , 0 , 0.830671 , 2 , 0 , 0 , 0 , 0 , 0 , 0 , 0 , 0 , 0 )
( cnx_coder1221118 , 1 , 0.830675 , 1 , 3849548 , 941674 , 626026 , 300 , 2825 , 626 , 162 , 30 , 7 )
( cnx_coder1221118 , 0 , 0.836765 , 1 , 0 , 0 , 0 , 0 , 0 , 0 , 0 , 0 , 0 )
( cnx_modulator1221118 , 1 , 0.836769 , 2 , 4180927 , 1022736 , 679916 , 323 , 3068 , 679 , 176 , 31 , 7 )
( cnx_modulator1221118 , 0 , 0.844675 , 2 , 0 , 0 , 0 , 0 , 0 , 0 , 0 , 0 , 0 )
( cnx_snk1221118 , 1 , 0.844679 , 1 , 295661 , 72324 , 48081 , 23 , 216 , 48 , 12 , 2 , 1 )
( cnx_end1221118 , 1 , 0.84541 , 1 , 100 , 12 , 5 , 1 , 1 , 5 , 1 , 2 , 2 )
( cnx_end1221118 , 0 , 0.845643 , 1 , 0 , 0 , 0 , 0 , 0 , 0 , 0 , 0 , 0 )
( cnx_snk1221118 , 0 , 0.845644 , 1 , 0 , 0 , 0 , 0 , 0 , 0 , 0 , 0 , 0 )
( cnx_main , 1 , 0.846702 , 1 , 1000 , 120 , 50 , 10 , 12 , 5 , 1 , 2 , 2 )
( cnx_main , 0 , 0.846987 , 1 , 0 , 0 , 0 , 0 , 0 , 0 , 0 , 0 , 0 )
( cnx_slice1 , 1 , 0.84699 , 2 , 15039303 , 3235056 , 1623677 , 10500 , 6470 , 3247 , 270 , 1617 , 811 )
( cnx_generator1221118 , 1 , 0.846992 , 1 , 9038501 , 2210993 , 1469871 , 700 , 6632 , 1469 , 380 , 60 , 14 )
( cnx_slice2 , 1 , 0.846997 , 1 , 15039303 , 3235056 , 1623677 , 10500 , 6470 , 3247 , 270 , 1617 , 811 )
( cnx_slice2 , 0 , 0.868373 , 1 , 0 , 0 , 0 , 0 , 0 , 0 , 0 , 0 , 0 )
( cnx_filter2 , 1 , 0.868376 , 1 , 17000000 , 3235056 , 1623677 , 10500 , 6470 , 3247 , 270 , 1617 , 811 )
( cnx_slice1 , 0 , 0.872646 , 2 , 0 , 0 , 0 , 0 , 0 , 0 , 0 , 0 , 0 )
( cnx_filter1 , 1 , 0.87265 , 2 , 17000000 , 3235056 , 1623677 , 10500 , 6470 , 3247 , 270 , 1617 , 811 )
( cnx_filter2 , 0 , 0.891342 , 1 , 0 , 0 , 0 , 0 , 0 , 0 , 0 , 0 , 0 )
( cnx_out2 , 1 , 0.891346 , 1 , 10000 , 1200 , 500 , 100 , 120 , 50 , 10 , 12 , 5 )
( cnx_out2 , 0 , 0.891597 , 1 , 0 , 0 , 0 , 0 , 0 , 0 , 0 , 0 , 0 )
( cnx_filter1 , 0 , 0.90026 , 2 , 0 , 0 , 0 , 0 , 0 , 0 , 0 , 0 , 0 )
( cnx_out1 , 1 , 0.900263 , 1 , 10000 , 1200 , 500 , 100 , 120 , 50 , 10 , 12 , 5 )
( cnx_out1 , 0 , 0.900515 , 1 , 0 , 0 , 0 , 0 , 0 , 0 , 0 , 0 , 0 )
( cnx_generator1221118 , 0 , 0.90584 , 1 , 0 , 0 , 0 , 0 , 0 , 0 , 0 , 0 , 0 )
( cnx_cypher1221118 , 1 , 0.905844 , 2 , 2476410 , 605778 , 402722 , 191 , 1817 , 402 , 104 , 18 , 4 )
( cnx_cypher1221118 , 0 , 0.910654 , 2 , 0 , 0 , 0 , 0 , 0 , 0 , 0 , 0 , 0 )
( cnx_coder1221118 , 1 , 0.910659 , 1 , 3849548 , 941674 , 626026 , 300 , 2825 , 626 , 162 , 30 , 7 )
( cnx_coder1221118 , 0 , 0.916749 , 1 , 0 , 0 , 0 , 0 , 0 , 0 , 0 , 0 , 0 )
( cnx_modulator1221118 , 1 , 0.916754 , 2 , 4180927 , 1022736 , 679916 , 323 , 3068 , 679 , 176 , 31 , 7 )
( cnx_modulator1221118 , 0 , 0.924665 , 2 , 0 , 0 , 0 , 0 , 0 , 0 , 0 , 0 , 0 )
( cnx_snk1221118 , 1 , 0.924668 , 1 , 295661 , 72324 , 48081 , 23 , 216 , 48 , 12 , 2 , 1 )
( cnx_end1221118 , 1 , 0.9254 , 1 , 100 , 12 , 5 , 1 , 1 , 5 , 1 , 2 , 2 )
( cnx_end1221118 , 0 , 0.925632 , 1 , 0 , 0 , 0 , 0 , 0 , 0 , 0 , 0 , 0 )
( cnx_snk1221118 , 0 , 0.925634 , 1 , 0 , 0 , 0 , 0 , 0 , 0 , 0 , 0 , 0 )
( cnx_main , 1 , 0.926703 , 1 , 1000 , 120 , 50 , 10 , 12 , 5 , 1 , 2 , 2 )
( cnx_main , 0 , 0.926981 , 1 , 0 , 0 , 0 , 0 , 0 , 0 , 0 , 0 , 0 )
( cnx_slice2 , 1 , 0.926985 , 1 , 15039303 , 3235056 , 1623677 , 10500 , 6470 , 3247 , 270 , 1617 , 811 )
( cnx_slice1 , 1 , 0.926986 , 2 , 15039303 , 3235056 , 1623677 , 10500 , 6470 , 3247 , 270 , 1617 , 811 )
( cnx_slice2 , 0 , 0.948331 , 1 , 0 , 0 , 0 , 0 , 0 , 0 , 0 , 0 , 0 )
( cnx_filter2 , 1 , 0.948334 , 1 , 17000000 , 3235056 , 1623677 , 10500 , 6470 , 3247 , 270 , 1617 , 811 )
( cnx_slice1 , 0 , 0.952634 , 2 , 0 , 0 , 0 , 0 , 0 , 0 , 0 , 0 , 0 )
( cnx_filter1 , 1 , 0.952637 , 2 , 17000000 , 3235056 , 1623677 , 10500 , 6470 , 3247 , 270 , 1617 , 811 )
( cnx_filter2 , 0 , 0.971288 , 1 , 0 , 0 , 0 , 0 , 0 , 0 , 0 , 0 , 0 )
( cnx_out2 , 1 , 0.971292 , 1 , 10000 , 1200 , 500 , 100 , 120 , 50 , 10 , 12 , 5 )
( cnx_out2 , 0 , 0.971546 , 1 , 0 , 0 , 0 , 0 , 0 , 0 , 0 , 0 , 0 )
( cnx_generator1221118 , 1 , 0.971548 , 1 , 9038501 , 2210993 , 1469871 , 700 , 6632 , 1469 , 380 , 60 , 14 )
( cnx_filter1 , 0 , 0.980196 , 2 , 0 , 0 , 0 , 0 , 0 , 0 , 0 , 0 , 0 )
( cnx_out1 , 1 , 0.980199 , 1 , 10000 , 1200 , 500 , 100 , 120 , 50 , 10 , 12 , 5 )
( cnx_write_buffer , 1 , 0.980201 , 2 , 0 , 0 , 0 , 0 , 0 , 0 , 0 , 0 , 0 )
( cnx_write_buffer , 0 , 0.980213 , 2 , 0 , 0 , 0 , 0 , 0 , 0 , 0 , 0 , 0 )
( cnx_out1 , 0 , 0.980452 , 1 , 0 , 0 , 0 , 0 , 0 , 0 , 0 , 0 , 0 )
( cnx_generator1221118 , 0 , 0.985722 , 1 , 0 , 0 , 0 , 0 , 0 , 0 , 0 , 0 , 0 )
( cnx_cypher1221118 , 1 , 0.985726 , 2 , 2476410 , 605778 , 402722 , 191 , 1817 , 402 , 104 , 18 , 4 )
( cnx_cypher1221118 , 0 , 0.99054 , 2 , 0 , 0 , 0 , 0 , 0 , 0 , 0 , 0 , 0 )
( cnx_coder1221118 , 1 , 0.990545 , 1 , 3849548 , 941674 , 626026 , 300 , 2825 , 626 , 162 , 30 , 7 )
( cnx_coder1221118 , 0 , 0.996639 , 1 , 0 , 0 , 0 , 0 , 0 , 0 , 0 , 0 , 0 )
( cnx_modulator1221118 , 1 , 0.996643 , 2 , 4180927 , 1022736 , 679916 , 323 , 3068 , 679 , 176 , 31 , 7 )
( cnx_modulator1221118 , 0 , 1.00462 , 2 , 0 , 0 , 0 , 0 , 0 , 0 , 0 , 0 , 0 )
( cnx_snk1221118 , 1 , 1.00463 , 1 , 295661 , 72324 , 48081 , 23 , 216 , 48 , 12 , 2 , 1 )
( cnx_end1221118 , 1 , 1.00536 , 1 , 100 , 12 , 5 , 1 , 1 , 5 , 1 , 2 , 2 )
( cnx_end1221118 , 0 , 1.00559 , 1 , 0 , 0 , 0 , 0 , 0 , 0 , 0 , 0 , 0 )
( cnx_snk1221118 , 0 , 1.00559 , 1 , 0 , 0 , 0 , 0 , 0 , 0 , 0 , 0 , 0 )
( cnx_main , 1 , 1.0067 , 1 , 1000 , 120 , 50 , 10 , 12 , 5 , 1 , 2 , 2 )
( cnx_main , 0 , 1.00698 , 1 , 0 , 0 , 0 , 0 , 0 , 0 , 0 , 0 , 0 )
( cnx_slice2 , 1 , 1.00699 , 1 , 12000000 , 3035056 , 1323677 , 10000 , 6000 , 3000 , 260 , 1500 , 800 )
( cnx_slice1 , 1 , 1.00699 , 2 , 12000000 , 3035056 , 1323677 , 10000 , 6000 , 3000 , 260 , 1500 , 800 )
( cnx_slice2 , 0 , 1.025 , 1 , 0 , 0 , 0 , 0 , 0 , 0 , 0 , 0 , 0 )
( cnx_filter2 , 1 , 1.025 , 1 , 17000000 , 3235056 , 1623677 , 10500 , 6470 , 3247 , 270 , 1617 , 811 )
( cnx_slice1 , 0 , 1.02874 , 2 , 0 , 0 , 0 , 0 , 0 , 0 , 0 , 0 , 0 )
( cnx_filter1 , 1 , 1.02875 , 2 , 17000000 , 3235056 , 1623677 , 10500 , 6470 , 3247 , 270 , 1617 , 811 )
( cnx_filter2 , 0 , 1.04804 , 1 , 0 , 0 , 0 , 0 , 0 , 0 , 0 , 0 , 0 )
( cnx_out2 , 1 , 1.04804 , 1 , 10000 , 1200 , 500 , 100 , 120 , 50 , 10 , 12 , 5 )
( cnx_out2 , 0 , 1.04829 , 1 , 0 , 0 , 0 , 0 , 0 , 0 , 0 , 0 , 0 )
( cnx_generator1221118 , 1 , 1.0483 , 1 , 9038501 , 2210993 , 1469871 , 700 , 6632 , 1469 , 380 , 60 , 14 )
( cnx_filter1 , 0 , 1.05638 , 2 , 0 , 0 , 0 , 0 , 0 , 0 , 0 , 0 , 0 )
( cnx_out1 , 1 , 1.05638 , 1 , 10000 , 1200 , 500 , 100 , 120 , 50 , 10 , 12 , 5 )
( cnx_out1 , 0 , 1.05664 , 1 , 0 , 0 , 0 , 0 , 0 , 0 , 0 , 0 , 0 )
( cnx_write_buffer , 1 , 1.05664 , 2 , 0 , 0 , 0 , 0 , 0 , 0 , 0 , 0 , 0 )
( cnx_write_buffer , 0 , 1.05666 , 2 , 0 , 0 , 0 , 0 , 0 , 0 , 0 , 0 , 0 )
( cnx_generator1221118 , 0 , 1.06246 , 1 , 0 , 0 , 0 , 0 , 0 , 0 , 0 , 0 , 0 )
( cnx_cypher1221118 , 1 , 1.06246 , 2 , 2476410 , 605778 , 402722 , 191 , 1817 , 402 , 104 , 18 , 4 )
( cnx_cypher1221118 , 0 , 1.06727 , 2 , 0 , 0 , 0 , 0 , 0 , 0 , 0 , 0 , 0 )
( cnx_coder1221118 , 1 , 1.06728 , 1 , 3849548 , 941674 , 626026 , 300 , 2825 , 626 , 162 , 30 , 7 )
( cnx_coder1221118 , 0 , 1.07337 , 1 , 0 , 0 , 0 , 0 , 0 , 0 , 0 , 0 , 0 )
( cnx_modulator1221118 , 1 , 1.07337 , 2 , 4180927 , 1022736 , 679916 , 323 , 3068 , 679 , 176 , 31 , 7 )
( cnx_modulator1221118 , 0 , 1.08129 , 2 , 0 , 0 , 0 , 0 , 0 , 0 , 0 , 0 , 0 )
( cnx_snk1221118 , 1 , 1.08129 , 1 , 295661 , 72324 , 48081 , 23 , 216 , 48 , 12 , 2 , 1 )
( cnx_end1221118 , 1 , 1.08203 , 1 , 100 , 12 , 5 , 1 , 1 , 5 , 1 , 2 , 2 )
( cnx_end1221118 , 0 , 1.08226 , 1 , 0 , 0 , 0 , 0 , 0 , 0 , 0 , 0 , 0 )
( cnx_snk1221118 , 0 , 1.08226 , 1 , 0 , 0 , 0 , 0 , 0 , 0 , 0 , 0 , 0 )
( cnx_main , 1 , 1.0867 , 1 , 1000 , 120 , 50 , 10 , 12 , 5 , 1 , 2 , 2 )
( cnx_main , 0 , 1.08698 , 1 , 0 , 0 , 0 , 0 , 0 , 0 , 0 , 0 , 0 )
( cnx_slice2 , 1 , 1.08698 , 1 , 15039303 , 3235056 , 1623677 , 10500 , 6470 , 3247 , 270 , 1617 , 811 )
( cnx_slice1 , 1 , 1.08698 , 2 , 15039303 , 3235056 , 1623677 , 10500 , 6470 , 3247 , 270 , 1617 , 811 )
( cnx_slice2 , 0 , 1.10839 , 1 , 0 , 0 , 0 , 0 , 0 , 0 , 0 , 0 , 0 )
( cnx_filter2 , 1 , 1.10839 , 1 , 17000000 , 3235056 , 1623677 , 10500 , 6470 , 3247 , 270 , 1617 , 811 )
( cnx_slice1 , 0 , 1.11264 , 2 , 0 , 0 , 0 , 0 , 0 , 0 , 0 , 0 , 0 )
( cnx_filter1 , 1 , 1.11265 , 2 , 17000000 , 3235056 , 1623677 , 10500 , 6470 , 3247 , 270 , 1617 , 811 )
( cnx_filter2 , 0 , 1.13136 , 1 , 0 , 0 , 0 , 0 , 0 , 0 , 0 , 0 , 0 )
( cnx_out2 , 1 , 1.13136 , 1 , 10000 , 1200 , 500 , 100 , 120 , 50 , 10 , 12 , 5 )
( cnx_out2 , 0 , 1.13161 , 1 , 0 , 0 , 0 , 0 , 0 , 0 , 0 , 0 , 0 )
( cnx_generator1221118 , 1 , 1.13161 , 1 , 9038501 , 2210993 , 1469871 , 700 , 6632 , 1469 , 380 , 60 , 14 )
( cnx_filter1 , 0 , 1.14025 , 2 , 0 , 0 , 0 , 0 , 0 , 0 , 0 , 0 , 0 )
( cnx_out1 , 1 , 1.14026 , 1 , 10000 , 1200 , 500 , 100 , 120 , 50 , 10 , 12 , 5 )
( cnx_out1 , 0 , 1.14051 , 1 , 0 , 0 , 0 , 0 , 0 , 0 , 0 , 0 , 0 )
( cnx_generator1221118 , 0 , 1.14578 , 1 , 0 , 0 , 0 , 0 , 0 , 0 , 0 , 0 , 0 )
( cnx_cypher1221118 , 1 , 1.14578 , 2 , 2476410 , 605778 , 402722 , 191 , 1817 , 402 , 104 , 18 , 4 )
( cnx_cypher1221118 , 0 , 1.15061 , 2 , 0 , 0 , 0 , 0 , 0 , 0 , 0 , 0 , 0 )
( cnx_coder1221118 , 1 , 1.15061 , 1 , 3849548 , 941674 , 626026 , 300 , 2825 , 626 , 162 , 30 , 7 )
( cnx_coder1221118 , 0 , 1.1567 , 1 , 0 , 0 , 0 , 0 , 0 , 0 , 0 , 0 , 0 )
( cnx_modulator1221118 , 1 , 1.1567 , 2 , 4180927 , 1022736 , 679916 , 323 , 3068 , 679 , 176 , 31 , 7 )
( cnx_modulator1221118 , 0 , 1.16461 , 2 , 0 , 0 , 0 , 0 , 0 , 0 , 0 , 0 , 0 )
( cnx_snk1221118 , 1 , 1.16462 , 1 , 295661 , 72324 , 48081 , 23 , 216 , 48 , 12 , 2 , 1 )
( cnx_end1221118 , 1 , 1.16535 , 1 , 100 , 12 , 5 , 1 , 1 , 5 , 1 , 2 , 2 )
( cnx_end1221118 , 0 , 1.16558 , 1 , 0 , 0 , 0 , 0 , 0 , 0 , 0 , 0 , 0 )
( cnx_snk1221118 , 0 , 1.16558 , 1 , 0 , 0 , 0 , 0 , 0 , 0 , 0 , 0 , 0 )
( cnx_main , 1 , 1.1667 , 1 , 1000 , 120 , 50 , 10 , 12 , 5 , 1 , 2 , 2 )
( cnx_main , 0 , 1.16698 , 1 , 0 , 0 , 0 , 0 , 0 , 0 , 0 , 0 , 0 )
( cnx_slice1 , 1 , 1.16698 , 2 , 15039303 , 3235056 , 1623677 , 10500 , 6470 , 3247 , 270 , 1617 , 811 )
( cnx_generator1221118 , 1 , 1.16699 , 1 , 9038501 , 2210993 , 1469871 , 700 , 6632 , 1469 , 380 , 60 , 14 )
( cnx_slice2 , 1 , 1.16699 , 1 , 15039303 , 3235056 , 1623677 , 10500 , 6470 , 3247 , 270 , 1617 , 811 )
( cnx_slice2 , 0 , 1.18834 , 1 , 0 , 0 , 0 , 0 , 0 , 0 , 0 , 0 , 0 )
( cnx_filter2 , 1 , 1.18835 , 1 , 17000000 , 3235056 , 1623677 , 10500 , 6470 , 3247 , 270 , 1617 , 811 )
( cnx_slice1 , 0 , 1.19264 , 2 , 0 , 0 , 0 , 0 , 0 , 0 , 0 , 0 , 0 )
( cnx_filter1 , 1 , 1.19264 , 2 , 17000000 , 3235056 , 1623677 , 10500 , 6470 , 3247 , 270 , 1617 , 811 )
( cnx_filter2 , 0 , 1.21131 , 1 , 0 , 0 , 0 , 0 , 0 , 0 , 0 , 0 , 0 )
( cnx_out2 , 1 , 1.21131 , 1 , 10000 , 1200 , 500 , 100 , 120 , 50 , 10 , 12 , 5 )
( cnx_out2 , 0 , 1.21157 , 1 , 0 , 0 , 0 , 0 , 0 , 0 , 0 , 0 , 0 )
( cnx_filter1 , 0 , 1.22023 , 2 , 0 , 0 , 0 , 0 , 0 , 0 , 0 , 0 , 0 )
( cnx_out1 , 1 , 1.22023 , 1 , 10000 , 1200 , 500 , 100 , 120 , 50 , 10 , 12 , 5 )
( cnx_write_buffer , 1 , 1.22023 , 2 , 0 , 0 , 0 , 0 , 0 , 0 , 0 , 0 , 0 )
( cnx_write_buffer , 0 , 1.22025 , 2 , 0 , 0 , 0 , 0 , 0 , 0 , 0 , 0 , 0 )
( cnx_out1 , 0 , 1.22048 , 1 , 0 , 0 , 0 , 0 , 0 , 0 , 0 , 0 , 0 )
( cnx_generator1221118 , 0 , 1.22574 , 1 , 0 , 0 , 0 , 0 , 0 , 0 , 0 , 0 , 0 )
( cnx_cypher1221118 , 1 , 1.22574 , 2 , 2476410 , 605778 , 402722 , 191 , 1817 , 402 , 104 , 18 , 4 )
( cnx_cypher1221118 , 0 , 1.23055 , 2 , 0 , 0 , 0 , 0 , 0 , 0 , 0 , 0 , 0 )
( cnx_coder1221118 , 1 , 1.23056 , 1 , 3849548 , 941674 , 626026 , 300 , 2825 , 626 , 162 , 30 , 7 )
( cnx_coder1221118 , 0 , 1.23662 , 1 , 0 , 0 , 0 , 0 , 0 , 0 , 0 , 0 , 0 )
( cnx_modulator1221118 , 1 , 1.23662 , 2 , 4180927 , 1022736 , 679916 , 323 , 3068 , 679 , 176 , 31 , 7 )
( cnx_modulator1221118 , 0 , 1.24454 , 2 , 0 , 0 , 0 , 0 , 0 , 0 , 0 , 0 , 0 )
( cnx_snk1221118 , 1 , 1.24455 , 1 , 295661 , 72324 , 48081 , 23 , 216 , 48 , 12 , 2 , 1 )
( cnx_end1221118 , 1 , 1.24524 , 1 , 100 , 12 , 5 , 1 , 1 , 5 , 1 , 2 , 2 )
( cnx_end1221118 , 0 , 1.24547 , 1 , 0 , 0 , 0 , 0 , 0 , 0 , 0 , 0 , 0 )
( cnx_snk1221118 , 0 , 1.24547 , 1 , 0 , 0 , 0 , 0 , 0 , 0 , 0 , 0 , 0 )
( cnx_main , 1 , 1.24671 , 1 , 1000 , 120 , 50 , 10 , 12 , 5 , 1 , 2 , 2 )
( cnx_main , 0 , 1.24695 , 1 , 0 , 0 , 0 , 0 , 0 , 0 , 0 , 0 , 0 )
( cnx_slice2 , 1 , 1.24695 , 1 , 15039303 , 3235056 , 1623677 , 10500 , 6470 , 3247 , 270 , 1617 , 811 )
( cnx_slice1 , 1 , 1.24695 , 2 , 15039303 , 3235056 , 1623677 , 10500 , 6470 , 3247 , 270 , 1617 , 811 )
( cnx_slice2 , 0 , 1.26831 , 1 , 0 , 0 , 0 , 0 , 0 , 0 , 0 , 0 , 0 )
( cnx_filter2 , 1 , 1.26831 , 1 , 17000000 , 3235056 , 1623677 , 10500 , 6470 , 3247 , 270 , 1617 , 811 )
( cnx_slice1 , 0 , 1.27261 , 2 , 0 , 0 , 0 , 0 , 0 , 0 , 0 , 0 , 0 )
( cnx_filter1 , 1 , 1.27261 , 2 , 17000000 , 3235056 , 1623677 , 10500 , 6470 , 3247 , 270 , 1617 , 811 )
( cnx_filter2 , 0 , 1.29136 , 1 , 0 , 0 , 0 , 0 , 0 , 0 , 0 , 0 , 0 )
( cnx_out2 , 1 , 1.29137 , 1 , 10000 , 1200 , 500 , 100 , 120 , 50 , 10 , 12 , 5 )
( cnx_out2 , 0 , 1.29162 , 1 , 0 , 0 , 0 , 0 , 0 , 0 , 0 , 0 , 0 )
( cnx_generator1221118 , 1 , 1.29162 , 1 , 9038501 , 2210993 , 1469871 , 700 , 6632 , 1469 , 380 , 60 , 14 )
( cnx_filter1 , 0 , 1.30018 , 2 , 0 , 0 , 0 , 0 , 0 , 0 , 0 , 0 , 0 )
( cnx_out1 , 1 , 1.30019 , 1 , 10000 , 1200 , 500 , 100 , 120 , 50 , 10 , 12 , 5 )
( cnx_out1 , 0 , 1.30044 , 1 , 0 , 0 , 0 , 0 , 0 , 0 , 0 , 0 , 0 )
( cnx_write_buffer , 1 , 1.30045 , 2 , 0 , 0 , 0 , 0 , 0 , 0 , 0 , 0 , 0 )
( cnx_write_buffer , 0 , 1.30046 , 2 , 0 , 0 , 0 , 0 , 0 , 0 , 0 , 0 , 0 )
( cnx_generator1221118 , 0 , 1.3058 , 1 , 0 , 0 , 0 , 0 , 0 , 0 , 0 , 0 , 0 )
( cnx_cypher1221118 , 1 , 1.3058 , 2 , 2476410 , 605778 , 402722 , 191 , 1817 , 402 , 104 , 18 , 4 )
( cnx_cypher1221118 , 0 , 1.31062 , 2 , 0 , 0 , 0 , 0 , 0 , 0 , 0 , 0 , 0 )
( cnx_coder1221118 , 1 , 1.31063 , 1 , 3849548 , 941674 , 626026 , 300 , 2825 , 626 , 162 , 30 , 7 )
( cnx_coder1221118 , 0 , 1.31668 , 1 , 0 , 0 , 0 , 0 , 0 , 0 , 0 , 0 , 0 )
( cnx_modulator1221118 , 1 , 1.31669 , 2 , 4180927 , 1022736 , 679916 , 323 , 3068 , 679 , 176 , 31 , 7 )
( cnx_modulator1221118 , 0 , 1.32457 , 2 , 0 , 0 , 0 , 0 , 0 , 0 , 0 , 0 , 0 )
( cnx_snk1221118 , 1 , 1.32457 , 1 , 295661 , 72324 , 48081 , 23 , 216 , 48 , 12 , 2 , 1 )
( cnx_end1221118 , 1 , 1.32531 , 1 , 100 , 12 , 5 , 1 , 1 , 5 , 1 , 2 , 2 )
( cnx_end1221118 , 0 , 1.32554 , 1 , 0 , 0 , 0 , 0 , 0 , 0 , 0 , 0 , 0 )
( cnx_snk1221118 , 0 , 1.32554 , 1 , 0 , 0 , 0 , 0 , 0 , 0 , 0 , 0 , 0 )
( cnx_main , 1 , 1.3267 , 1 , 1000 , 120 , 50 , 10 , 12 , 5 , 1 , 2 , 2 )
( cnx_main , 0 , 1.32699 , 1 , 0 , 0 , 0 , 0 , 0 , 0 , 0 , 0 , 0 )
( cnx_slice2 , 1 , 1.32699 , 1 , 12000000 , 3035056 , 1323677 , 10000 , 6000 , 3000 , 260 , 1500 , 800 )
( cnx_slice1 , 1 , 1.32699 , 2 , 12000000 , 3035056 , 1323677 , 10000 , 6000 , 3000 , 260 , 1500 , 800 )
( cnx_slice2 , 0 , 1.34505 , 1 , 0 , 0 , 0 , 0 , 0 , 0 , 0 , 0 , 0 )
( cnx_filter2 , 1 , 1.34505 , 1 , 17000000 , 3235056 , 1623677 , 10500 , 6470 , 3247 , 270 , 1617 , 811 )
( cnx_slice1 , 0 , 1.34861 , 2 , 0 , 0 , 0 , 0 , 0 , 0 , 0 , 0 , 0 )
( cnx_filter1 , 1 , 1.34862 , 2 , 17000000 , 3235056 , 1623677 , 10500 , 6470 , 3247 , 270 , 1617 , 811 )
( cnx_filter2 , 0 , 1.36803 , 1 , 0 , 0 , 0 , 0 , 0 , 0 , 0 , 0 , 0 )
( cnx_out2 , 1 , 1.36803 , 1 , 10000 , 1200 , 500 , 100 , 120 , 50 , 10 , 12 , 5 )
( cnx_out2 , 0 , 1.36828 , 1 , 0 , 0 , 0 , 0 , 0 , 0 , 0 , 0 , 0 )
( cnx_generator1221118 , 1 , 1.36828 , 1 , 9038501 , 2210993 , 1469871 , 700 , 6632 , 1469 , 380 , 60 , 14 )
( cnx_filter1 , 0 , 1.37619 , 2 , 0 , 0 , 0 , 0 , 0 , 0 , 0 , 0 , 0 )
( cnx_out1 , 1 , 1.37619 , 1 , 10000 , 1200 , 500 , 100 , 120 , 50 , 10 , 12 , 5 )
( cnx_out1 , 0 , 1.37644 , 1 , 0 , 0 , 0 , 0 , 0 , 0 , 0 , 0 , 0 )
( cnx_generator1221118 , 0 , 1.38246 , 1 , 0 , 0 , 0 , 0 , 0 , 0 , 0 , 0 , 0 )
( cnx_cypher1221118 , 1 , 1.38246 , 2 , 2476410 , 605778 , 402722 , 191 , 1817 , 402 , 104 , 18 , 4 )
( cnx_cypher1221118 , 0 , 1.38728 , 2 , 0 , 0 , 0 , 0 , 0 , 0 , 0 , 0 , 0 )
( cnx_coder1221118 , 1 , 1.38729 , 1 , 3849548 , 941674 , 626026 , 300 , 2825 , 626 , 162 , 30 , 7 )
( cnx_coder1221118 , 0 , 1.39339 , 1 , 0 , 0 , 0 , 0 , 0 , 0 , 0 , 0 , 0 )
( cnx_modulator1221118 , 1 , 1.39339 , 2 , 4180927 , 1022736 , 679916 , 323 , 3068 , 679 , 176 , 31 , 7 )
( cnx_modulator1221118 , 0 , 1.40132 , 2 , 0 , 0 , 0 , 0 , 0 , 0 , 0 , 0 , 0 )
( cnx_snk1221118 , 1 , 1.40133 , 1 , 295661 , 72324 , 48081 , 23 , 216 , 48 , 12 , 2 , 1 )
( cnx_end1221118 , 1 , 1.40206 , 1 , 100 , 12 , 5 , 1 , 1 , 5 , 1 , 2 , 2 )
( cnx_end1221118 , 0 , 1.40229 , 1 , 0 , 0 , 0 , 0 , 0 , 0 , 0 , 0 , 0 )
( cnx_snk1221118 , 0 , 1.4023 , 1 , 0 , 0 , 0 , 0 , 0 , 0 , 0 , 0 , 0 )
( cnx_main , 1 , 1.4067 , 1 , 1000 , 120 , 50 , 10 , 12 , 5 , 1 , 2 , 2 )
( cnx_main , 0 , 1.40699 , 1 , 0 , 0 , 0 , 0 , 0 , 0 , 0 , 0 , 0 )
( cnx_slice2 , 1 , 1.40699 , 1 , 15039303 , 3235056 , 1623677 , 10500 , 6470 , 3247 , 270 , 1617 , 811 )
( cnx_slice1 , 1 , 1.40699 , 2 , 15039303 , 3235056 , 1623677 , 10500 , 6470 , 3247 , 270 , 1617 , 811 )
( cnx_slice2 , 0 , 1.42836 , 1 , 0 , 0 , 0 , 0 , 0 , 0 , 0 , 0 , 0 )
( cnx_filter2 , 1 , 1.42836 , 1 , 17000000 , 3235056 , 1623677 , 10500 , 6470 , 3247 , 270 , 1617 , 811 )
( cnx_slice1 , 0 , 1.43262 , 2 , 0 , 0 , 0 , 0 , 0 , 0 , 0 , 0 , 0 )
( cnx_filter1 , 1 , 1.43262 , 2 , 17000000 , 3235056 , 1623677 , 10500 , 6470 , 3247 , 270 , 1617 , 811 )
( cnx_filter2 , 0 , 1.45134 , 1 , 0 , 0 , 0 , 0 , 0 , 0 , 0 , 0 , 0 )
( cnx_out2 , 1 , 1.45134 , 1 , 10000 , 1200 , 500 , 100 , 120 , 50 , 10 , 12 , 5 )
( cnx_out2 , 0 , 1.4516 , 1 , 0 , 0 , 0 , 0 , 0 , 0 , 0 , 0 , 0 )
( cnx_generator1221118 , 1 , 1.4516 , 1 , 9038501 , 2210993 , 1469871 , 700 , 6632 , 1469 , 380 , 60 , 14 )
( cnx_filter1 , 0 , 1.46032 , 2 , 0 , 0 , 0 , 0 , 0 , 0 , 0 , 0 , 0 )
( cnx_out1 , 1 , 1.46032 , 1 , 10000 , 1200 , 500 , 100 , 120 , 50 , 10 , 12 , 5 )
( cnx_write_buffer , 1 , 1.46032 , 2 , 0 , 0 , 0 , 0 , 0 , 0 , 0 , 0 , 0 )
( cnx_write_buffer , 0 , 1.46033 , 2 , 0 , 0 , 0 , 0 , 0 , 0 , 0 , 0 , 0 )
( cnx_out1 , 0 , 1.46057 , 1 , 0 , 0 , 0 , 0 , 0 , 0 , 0 , 0 , 0 )
( cnx_generator1221118 , 0 , 1.46579 , 1 , 0 , 0 , 0 , 0 , 0 , 0 , 0 , 0 , 0 )
( cnx_cypher1221118 , 1 , 1.4658 , 2 , 2476410 , 605778 , 402722 , 191 , 1817 , 402 , 104 , 18 , 4 )
( cnx_cypher1221118 , 0 , 1.47061 , 2 , 0 , 0 , 0 , 0 , 0 , 0 , 0 , 0 , 0 )
( cnx_coder1221118 , 1 , 1.47061 , 1 , 3849548 , 941674 , 626026 , 300 , 2825 , 626 , 162 , 30 , 7 )
( cnx_coder1221118 , 0 , 1.4767 , 1 , 0 , 0 , 0 , 0 , 0 , 0 , 0 , 0 , 0 )
( cnx_modulator1221118 , 1 , 1.4767 , 2 , 4180927 , 1022736 , 679916 , 323 , 3068 , 679 , 176 , 31 , 7 )
( cnx_modulator1221118 , 0 , 1.48461 , 2 , 0 , 0 , 0 , 0 , 0 , 0 , 0 , 0 , 0 )
( cnx_snk1221118 , 1 , 1.48462 , 1 , 295661 , 72324 , 48081 , 23 , 216 , 48 , 12 , 2 , 1 )
( cnx_end1221118 , 1 , 1.48535 , 1 , 100 , 12 , 5 , 1 , 1 , 5 , 1 , 2 , 2 )
( cnx_end1221118 , 0 , 1.48558 , 1 , 0 , 0 , 0 , 0 , 0 , 0 , 0 , 0 , 0 )
( cnx_snk1221118 , 0 , 1.48558 , 1 , 0 , 0 , 0 , 0 , 0 , 0 , 0 , 0 , 0 )
( cnx_main , 1 , 1.4867 , 1 , 1000 , 120 , 50 , 10 , 12 , 5 , 1 , 2 , 2 )
( cnx_main , 0 , 1.48699 , 1 , 0 , 0 , 0 , 0 , 0 , 0 , 0 , 0 , 0 )
( cnx_slice2 , 1 , 1.48699 , 1 , 15039303 , 3235056 , 1623677 , 10500 , 6470 , 3247 , 270 , 1617 , 811 )
( cnx_slice1 , 1 , 1.48699 , 2 , 15039303 , 3235056 , 1623677 , 10500 , 6470 , 3247 , 270 , 1617 , 811 )
( cnx_slice2 , 0 , 1.50835 , 1 , 0 , 0 , 0 , 0 , 0 , 0 , 0 , 0 , 0 )
( cnx_filter2 , 1 , 1.50835 , 1 , 17000000 , 3235056 , 1623677 , 10500 , 6470 , 3247 , 270 , 1617 , 811 )
( cnx_slice1 , 0 , 1.51265 , 2 , 0 , 0 , 0 , 0 , 0 , 0 , 0 , 0 , 0 )
( cnx_filter1 , 1 , 1.51265 , 2 , 17000000 , 3235056 , 1623677 , 10500 , 6470 , 3247 , 270 , 1617 , 811 )
( cnx_filter2 , 0 , 1.53141 , 1 , 0 , 0 , 0 , 0 , 0 , 0 , 0 , 0 , 0 )
( cnx_out2 , 1 , 1.53141 , 1 , 10000 , 1200 , 500 , 100 , 120 , 50 , 10 , 12 , 5 )
( cnx_out2 , 0 , 1.53166 , 1 , 0 , 0 , 0 , 0 , 0 , 0 , 0 , 0 , 0 )
( cnx_generator1221118 , 1 , 1.53166 , 1 , 9038501 , 2210993 , 1469871 , 700 , 6632 , 1469 , 380 , 60 , 14 )
( cnx_filter1 , 0 , 1.54021 , 2 , 0 , 0 , 0 , 0 , 0 , 0 , 0 , 0 , 0 )
( cnx_out1 , 1 , 1.54021 , 1 , 10000 , 1200 , 500 , 100 , 120 , 50 , 10 , 12 , 5 )
( cnx_out1 , 0 , 1.54047 , 1 , 0 , 0 , 0 , 0 , 0 , 0 , 0 , 0 , 0 )
( cnx_write_buffer , 1 , 1.54047 , 2 , 0 , 0 , 0 , 0 , 0 , 0 , 0 , 0 , 0 )
( cnx_write_buffer , 0 , 1.54049 , 2 , 0 , 0 , 0 , 0 , 0 , 0 , 0 , 0 , 0 )
( cnx_generator1221118 , 0 , 1.54584 , 1 , 0 , 0 , 0 , 0 , 0 , 0 , 0 , 0 , 0 )
( cnx_cypher1221118 , 1 , 1.54584 , 2 , 2476410 , 605778 , 402722 , 191 , 1817 , 402 , 104 , 18 , 4 )
( cnx_cypher1221118 , 0 , 1.55065 , 2 , 0 , 0 , 0 , 0 , 0 , 0 , 0 , 0 , 0 )
( cnx_coder1221118 , 1 , 1.55065 , 1 , 3849548 , 941674 , 626026 , 300 , 2825 , 626 , 162 , 30 , 7 )
( cnx_coder1221118 , 0 , 1.55674 , 1 , 0 , 0 , 0 , 0 , 0 , 0 , 0 , 0 , 0 )
( cnx_modulator1221118 , 1 , 1.55675 , 2 , 4180927 , 1022736 , 679916 , 323 , 3068 , 679 , 176 , 31 , 7 )
( cnx_modulator1221118 , 0 , 1.56465 , 2 , 0 , 0 , 0 , 0 , 0 , 0 , 0 , 0 , 0 )
( cnx_snk1221118 , 1 , 1.56466 , 1 , 295661 , 72324 , 48081 , 23 , 216 , 48 , 12 , 2 , 1 )
( cnx_end1221118 , 1 , 1.56539 , 1 , 100 , 12 , 5 , 1 , 1 , 5 , 1 , 2 , 2 )
( cnx_end1221118 , 0 , 1.56562 , 1 , 0 , 0 , 0 , 0 , 0 , 0 , 0 , 0 , 0 )
( cnx_snk1221118 , 0 , 1.56563 , 1 , 0 , 0 , 0 , 0 , 0 , 0 , 0 , 0 , 0 )
( cnx_main , 1 , 1.5667 , 1 , 1000 , 120 , 50 , 10 , 12 , 5 , 1 , 2 , 2 )
( cnx_main , 0 , 1.56698 , 1 , 0 , 0 , 0 , 0 , 0 , 0 , 0 , 0 , 0 )
( cnx_slice1 , 1 , 1.56699 , 2 , 15039303 , 3235056 , 1623677 , 10500 , 6470 , 3247 , 270 , 1617 , 811 )
( cnx_generator1221118 , 1 , 1.56699 , 1 , 9038501 , 2210993 , 1469871 , 700 , 6632 , 1469 , 380 , 60 , 14 )
( cnx_slice2 , 1 , 1.567 , 1 , 15039303 , 3235056 , 1623677 , 10500 , 6470 , 3247 , 270 , 1617 , 811 )
( cnx_slice2 , 0 , 1.58835 , 1 , 0 , 0 , 0 , 0 , 0 , 0 , 0 , 0 , 0 )
( cnx_filter2 , 1 , 1.58836 , 1 , 17000000 , 3235056 , 1623677 , 10500 , 6470 , 3247 , 270 , 1617 , 811 )
( cnx_slice1 , 0 , 1.59272 , 2 , 0 , 0 , 0 , 0 , 0 , 0 , 0 , 0 , 0 )
( cnx_filter1 , 1 , 1.59272 , 2 , 17000000 , 3235056 , 1623677 , 10500 , 6470 , 3247 , 270 , 1617 , 811 )
( cnx_filter2 , 0 , 1.61133 , 1 , 0 , 0 , 0 , 0 , 0 , 0 , 0 , 0 , 0 )
( cnx_out2 , 1 , 1.61133 , 1 , 10000 , 1200 , 500 , 100 , 120 , 50 , 10 , 12 , 5 )
( cnx_out2 , 0 , 1.61158 , 1 , 0 , 0 , 0 , 0 , 0 , 0 , 0 , 0 , 0 )
( cnx_filter1 , 0 , 1.62036 , 2 , 0 , 0 , 0 , 0 , 0 , 0 , 0 , 0 , 0 )
( cnx_out1 , 1 , 1.62036 , 1 , 10000 , 1200 , 500 , 100 , 120 , 50 , 10 , 12 , 5 )
( cnx_out1 , 0 , 1.62061 , 1 , 0 , 0 , 0 , 0 , 0 , 0 , 0 , 0 , 0 )
( cnx_generator1221118 , 0 , 1.62575 , 1 , 0 , 0 , 0 , 0 , 0 , 0 , 0 , 0 , 0 )
( cnx_cypher1221118 , 1 , 1.62576 , 2 , 2476410 , 605778 , 402722 , 191 , 1817 , 402 , 104 , 18 , 4 )
( cnx_cypher1221118 , 0 , 1.63057 , 2 , 0 , 0 , 0 , 0 , 0 , 0 , 0 , 0 , 0 )
( cnx_coder1221118 , 1 , 1.63057 , 1 , 3849548 , 941674 , 626026 , 300 , 2825 , 626 , 162 , 30 , 7 )
( cnx_coder1221118 , 0 , 1.63666 , 1 , 0 , 0 , 0 , 0 , 0 , 0 , 0 , 0 , 0 )
( cnx_modulator1221118 , 1 , 1.63666 , 2 , 4180927 , 1022736 , 679916 , 323 , 3068 , 679 , 176 , 31 , 7 )
( cnx_modulator1221118 , 0 , 1.64457 , 2 , 0 , 0 , 0 , 0 , 0 , 0 , 0 , 0 , 0 )
( cnx_snk1221118 , 1 , 1.64458 , 1 , 295661 , 72324 , 48081 , 23 , 216 , 48 , 12 , 2 , 1 )
( cnx_end1221118 , 1 , 1.64531 , 1 , 100 , 12 , 5 , 1 , 1 , 5 , 1 , 2 , 2 )
( cnx_end1221118 , 0 , 1.64554 , 1 , 0 , 0 , 0 , 0 , 0 , 0 , 0 , 0 , 0 )
( cnx_snk1221118 , 0 , 1.64554 , 1 , 0 , 0 , 0 , 0 , 0 , 0 , 0 , 0 , 0 )
( cnx_main , 1 , 1.6467 , 1 , 1000 , 120 , 50 , 10 , 12 , 5 , 1 , 2 , 2 )
( cnx_main , 0 , 1.64698 , 1 , 0 , 0 , 0 , 0 , 0 , 0 , 0 , 0 , 0 )
( cnx_slice1 , 1 , 1.64699 , 2 , 12000000 , 3035056 , 1323677 , 10000 , 6000 , 3000 , 260 , 1500 , 800 )
( cnx_generator1221118 , 1 , 1.64699 , 1 , 9038501 , 2210993 , 1469871 , 700 , 6632 , 1469 , 380 , 60 , 14 )
( cnx_slice2 , 1 , 1.64699 , 1 , 12000000 , 3035056 , 1323677 , 10000 , 6000 , 3000 , 260 , 1500 , 800 )
( cnx_slice2 , 0 , 1.66506 , 1 , 0 , 0 , 0 , 0 , 0 , 0 , 0 , 0 , 0 )
( cnx_filter2 , 1 , 1.66506 , 1 , 17000000 , 3235056 , 1623677 , 10500 , 6470 , 3247 , 270 , 1617 , 811 )
( cnx_slice1 , 0 , 1.66859 , 2 , 0 , 0 , 0 , 0 , 0 , 0 , 0 , 0 , 0 )
( cnx_filter1 , 1 , 1.66859 , 2 , 17000000 , 3235056 , 1623677 , 10500 , 6470 , 3247 , 270 , 1617 , 811 )
( cnx_filter2 , 0 , 1.68801 , 1 , 0 , 0 , 0 , 0 , 0 , 0 , 0 , 0 , 0 )
( cnx_out2 , 1 , 1.68802 , 1 , 10000 , 1200 , 500 , 100 , 120 , 50 , 10 , 12 , 5 )
( cnx_out2 , 0 , 1.68827 , 1 , 0 , 0 , 0 , 0 , 0 , 0 , 0 , 0 , 0 )
( cnx_filter1 , 0 , 1.69613 , 2 , 0 , 0 , 0 , 0 , 0 , 0 , 0 , 0 , 0 )
( cnx_out1 , 1 , 1.69613 , 1 , 10000 , 1200 , 500 , 100 , 120 , 50 , 10 , 12 , 5 )
( cnx_write_buffer , 1 , 1.69614 , 2 , 0 , 0 , 0 , 0 , 0 , 0 , 0 , 0 , 0 )
( cnx_write_buffer , 0 , 1.69615 , 2 , 0 , 0 , 0 , 0 , 0 , 0 , 0 , 0 , 0 )
( cnx_out1 , 0 , 1.69638 , 1 , 0 , 0 , 0 , 0 , 0 , 0 , 0 , 0 , 0 )
( cnx_generator1221118 , 0 , 1.70243 , 1 , 0 , 0 , 0 , 0 , 0 , 0 , 0 , 0 , 0 )
( cnx_cypher1221118 , 1 , 1.70244 , 2 , 2476410 , 605778 , 402722 , 191 , 1817 , 402 , 104 , 18 , 4 )
( cnx_cypher1221118 , 0 , 1.70725 , 2 , 0 , 0 , 0 , 0 , 0 , 0 , 0 , 0 , 0 )
( cnx_coder1221118 , 1 , 1.70725 , 1 , 3849548 , 941674 , 626026 , 300 , 2825 , 626 , 162 , 30 , 7 )
( cnx_coder1221118 , 0 , 1.71334 , 1 , 0 , 0 , 0 , 0 , 0 , 0 , 0 , 0 , 0 )
( cnx_modulator1221118 , 1 , 1.71335 , 2 , 4180927 , 1022736 , 679916 , 323 , 3068 , 679 , 176 , 31 , 7 )
( cnx_modulator1221118 , 0 , 1.72126 , 2 , 0 , 0 , 0 , 0 , 0 , 0 , 0 , 0 , 0 )
( cnx_snk1221118 , 1 , 1.72126 , 1 , 295661 , 72324 , 48081 , 23 , 216 , 48 , 12 , 2 , 1 )
( cnx_end1221118 , 1 , 1.72199 , 1 , 100 , 12 , 5 , 1 , 1 , 5 , 1 , 2 , 2 )
( cnx_end1221118 , 0 , 1.72223 , 1 , 0 , 0 , 0 , 0 , 0 , 0 , 0 , 0 , 0 )
( cnx_snk1221118 , 0 , 1.72223 , 1 , 0 , 0 , 0 , 0 , 0 , 0 , 0 , 0 , 0 )
( cnx_main , 1 , 1.72672 , 1 , 1000 , 120 , 50 , 10 , 12 , 5 , 1 , 2 , 2 )
( cnx_main , 0 , 1.72697 , 1 , 0 , 0 , 0 , 0 , 0 , 0 , 0 , 0 , 0 )
( cnx_slice2 , 1 , 1.72697 , 1 , 15039303 , 3235056 , 1623677 , 10500 , 6470 , 3247 , 270 , 1617 , 811 )
( cnx_slice1 , 1 , 1.72697 , 2 , 15039303 , 3235056 , 1623677 , 10500 , 6470 , 3247 , 270 , 1617 , 811 )
( cnx_slice2 , 0 , 1.74833 , 1 , 0 , 0 , 0 , 0 , 0 , 0 , 0 , 0 , 0 )
( cnx_filter2 , 1 , 1.74833 , 1 , 17000000 , 3235056 , 1623677 , 10500 , 6470 , 3247 , 270 , 1617 , 811 )
( cnx_slice1 , 0 , 1.75259 , 2 , 0 , 0 , 0 , 0 , 0 , 0 , 0 , 0 , 0 )
( cnx_filter1 , 1 , 1.75259 , 2 , 17000000 , 3235056 , 1623677 , 10500 , 6470 , 3247 , 270 , 1617 , 811 )
( cnx_filter2 , 0 , 1.77129 , 1 , 0 , 0 , 0 , 0 , 0 , 0 , 0 , 0 , 0 )
( cnx_out2 , 1 , 1.7713 , 1 , 10000 , 1200 , 500 , 100 , 120 , 50 , 10 , 12 , 5 )
( cnx_out2 , 0 , 1.77155 , 1 , 0 , 0 , 0 , 0 , 0 , 0 , 0 , 0 , 0 )
( cnx_generator1221118 , 1 , 1.77155 , 1 , 9038501 , 2210993 , 1469871 , 700 , 6632 , 1469 , 380 , 60 , 14 )
( cnx_filter1 , 0 , 1.7802 , 2 , 0 , 0 , 0 , 0 , 0 , 0 , 0 , 0 , 0 )
( cnx_out1 , 1 , 1.78021 , 1 , 10000 , 1200 , 500 , 100 , 120 , 50 , 10 , 12 , 5 )
( cnx_out1 , 0 , 1.78046 , 1 , 0 , 0 , 0 , 0 , 0 , 0 , 0 , 0 , 0 )
( cnx_write_buffer , 1 , 1.78047 , 2 , 0 , 0 , 0 , 0 , 0 , 0 , 0 , 0 , 0 )
( cnx_write_buffer , 0 , 1.78048 , 2 , 0 , 0 , 0 , 0 , 0 , 0 , 0 , 0 , 0 )
( cnx_generator1221118 , 0 , 1.78572 , 1 , 0 , 0 , 0 , 0 , 0 , 0 , 0 , 0 , 0 )
( cnx_cypher1221118 , 1 , 1.78572 , 2 , 2476410 , 605778 , 402722 , 191 , 1817 , 402 , 104 , 18 , 4 )
( cnx_cypher1221118 , 0 , 1.79054 , 2 , 0 , 0 , 0 , 0 , 0 , 0 , 0 , 0 , 0 )
( cnx_coder1221118 , 1 , 1.79054 , 1 , 3849548 , 941674 , 626026 , 300 , 2825 , 626 , 162 , 30 , 7 )
( cnx_coder1221118 , 0 , 1.79663 , 1 , 0 , 0 , 0 , 0 , 0 , 0 , 0 , 0 , 0 )
( cnx_modulator1221118 , 1 , 1.79664 , 2 , 4180927 , 1022736 , 679916 , 323 , 3068 , 679 , 176 , 31 , 7 )
( cnx_modulator1221118 , 0 , 1.80455 , 2 , 0 , 0 , 0 , 0 , 0 , 0 , 0 , 0 , 0 )
( cnx_snk1221118 , 1 , 1.80455 , 1 , 295661 , 72324 , 48081 , 23 , 216 , 48 , 12 , 2 , 1 )
( cnx_end1221118 , 1 , 1.80529 , 1 , 100 , 12 , 5 , 1 , 1 , 5 , 1 , 2 , 2 )
( cnx_end1221118 , 0 , 1.80552 , 1 , 0 , 0 , 0 , 0 , 0 , 0 , 0 , 0 , 0 )
( cnx_snk1221118 , 0 , 1.80552 , 1 , 0 , 0 , 0 , 0 , 0 , 0 , 0 , 0 , 0 )
( cnx_main , 1 , 1.8067 , 1 , 1000 , 120 , 50 , 10 , 12 , 5 , 1 , 2 , 2 )
( cnx_main , 0 , 1.80699 , 1 , 0 , 0 , 0 , 0 , 0 , 0 , 0 , 0 , 0 )
( cnx_slice1 , 1 , 1.80699 , 2 , 15039303 , 3235056 , 1623677 , 10500 , 6470 , 3247 , 270 , 1617 , 811 )
( cnx_generator1221118 , 1 , 1.80699 , 1 , 9038501 , 2210993 , 1469871 , 700 , 6632 , 1469 , 380 , 60 , 14 )
( cnx_slice2 , 1 , 1.807 , 1 , 15039303 , 3235056 , 1623677 , 10500 , 6470 , 3247 , 270 , 1617 , 811 )
( cnx_slice2 , 0 , 1.82835 , 1 , 0 , 0 , 0 , 0 , 0 , 0 , 0 , 0 , 0 )
( cnx_filter2 , 1 , 1.82836 , 1 , 17000000 , 3235056 , 1623677 , 10500 , 6470 , 3247 , 270 , 1617 , 811 )
( cnx_slice1 , 0 , 1.83262 , 2 , 0 , 0 , 0 , 0 , 0 , 0 , 0 , 0 , 0 )
( cnx_filter1 , 1 , 1.83263 , 2 , 17000000 , 3235056 , 1623677 , 10500 , 6470 , 3247 , 270 , 1617 , 811 )
( cnx_filter2 , 0 , 1.85132 , 1 , 0 , 0 , 0 , 0 , 0 , 0 , 0 , 0 , 0 )
( cnx_out2 , 1 , 1.85132 , 1 , 10000 , 1200 , 500 , 100 , 120 , 50 , 10 , 12 , 5 )
( cnx_out2 , 0 , 1.85157 , 1 , 0 , 0 , 0 , 0 , 0 , 0 , 0 , 0 , 0 )
( cnx_filter1 , 0 , 1.86025 , 2 , 0 , 0 , 0 , 0 , 0 , 0 , 0 , 0 , 0 )
( cnx_out1 , 1 , 1.86026 , 1 , 10000 , 1200 , 500 , 100 , 120 , 50 , 10 , 12 , 5 )
( cnx_out1 , 0 , 1.86051 , 1 , 0 , 0 , 0 , 0 , 0 , 0 , 0 , 0 , 0 )
( cnx_generator1221118 , 0 , 1.86574 , 1 , 0 , 0 , 0 , 0 , 0 , 0 , 0 , 0 , 0 )
( cnx_cypher1221118 , 1 , 1.86574 , 2 , 2476410 , 605778 , 402722 , 191 , 1817 , 402 , 104 , 18 , 4 )
( cnx_cypher1221118 , 0 , 1.87056 , 2 , 0 , 0 , 0 , 0 , 0 , 0 , 0 , 0 , 0 )
( cnx_coder1221118 , 1 , 1.87056 , 1 , 3849548 , 941674 , 626026 , 300 , 2825 , 626 , 162 , 30 , 7 )
( cnx_coder1221118 , 0 , 1.87665 , 1 , 0 , 0 , 0 , 0 , 0 , 0 , 0 , 0 , 0 )
( cnx_modulator1221118 , 1 , 1.87666 , 2 , 4180927 , 1022736 , 679916 , 323 , 3068 , 679 , 176 , 31 , 7 )
( cnx_modulator1221118 , 0 , 1.88457 , 2 , 0 , 0 , 0 , 0 , 0 , 0 , 0 , 0 , 0 )
( cnx_snk1221118 , 1 , 1.88457 , 1 , 295661 , 72324 , 48081 , 23 , 216 , 48 , 12 , 2 , 1 )
( cnx_end1221118 , 1 , 1.8853 , 1 , 100 , 12 , 5 , 1 , 1 , 5 , 1 , 2 , 2 )
( cnx_end1221118 , 0 , 1.88553 , 1 , 0 , 0 , 0 , 0 , 0 , 0 , 0 , 0 , 0 )
( cnx_snk1221118 , 0 , 1.88554 , 1 , 0 , 0 , 0 , 0 , 0 , 0 , 0 , 0 , 0 )
( cnx_main , 1 , 1.8867 , 1 , 1000 , 120 , 50 , 10 , 12 , 5 , 1 , 2 , 2 )
( cnx_main , 0 , 1.88699 , 1 , 0 , 0 , 0 , 0 , 0 , 0 , 0 , 0 , 0 )
( cnx_slice2 , 1 , 1.88699 , 1 , 15039303 , 3235056 , 1623677 , 10500 , 6470 , 3247 , 270 , 1617 , 811 )
( cnx_slice1 , 1 , 1.88699 , 2 , 15039303 , 3235056 , 1623677 , 10500 , 6470 , 3247 , 270 , 1617 , 811 )
( cnx_slice2 , 0 , 1.90834 , 1 , 0 , 0 , 0 , 0 , 0 , 0 , 0 , 0 , 0 )
( cnx_filter2 , 1 , 1.90835 , 1 , 17000000 , 3235056 , 1623677 , 10500 , 6470 , 3247 , 270 , 1617 , 811 )
( cnx_slice1 , 0 , 1.91263 , 2 , 0 , 0 , 0 , 0 , 0 , 0 , 0 , 0 , 0 )
( cnx_filter1 , 1 , 1.91263 , 2 , 17000000 , 3235056 , 1623677 , 10500 , 6470 , 3247 , 270 , 1617 , 811 )
( cnx_filter2 , 0 , 1.93138 , 1 , 0 , 0 , 0 , 0 , 0 , 0 , 0 , 0 , 0 )
( cnx_out2 , 1 , 1.93138 , 1 , 10000 , 1200 , 500 , 100 , 120 , 50 , 10 , 12 , 5 )
( cnx_out2 , 0 , 1.93164 , 1 , 0 , 0 , 0 , 0 , 0 , 0 , 0 , 0 , 0 )
( cnx_generator1221118 , 1 , 1.93164 , 1 , 9038501 , 2210993 , 1469871 , 700 , 6632 , 1469 , 380 , 60 , 14 )
( cnx_filter1 , 0 , 1.94019 , 2 , 0 , 0 , 0 , 0 , 0 , 0 , 0 , 0 , 0 )
( cnx_out1 , 1 , 1.94019 , 1 , 10000 , 1200 , 500 , 100 , 120 , 50 , 10 , 12 , 5 )
( cnx_write_buffer , 1 , 1.9402 , 2 , 0 , 0 , 0 , 0 , 0 , 0 , 0 , 0 , 0 )
( cnx_write_buffer , 0 , 1.94021 , 2 , 0 , 0 , 0 , 0 , 0 , 0 , 0 , 0 , 0 )
( cnx_out1 , 0 , 1.94045 , 1 , 0 , 0 , 0 , 0 , 0 , 0 , 0 , 0 , 0 )
( cnx_generator1221118 , 0 , 1.94581 , 1 , 0 , 0 , 0 , 0 , 0 , 0 , 0 , 0 , 0 )
( cnx_cypher1221118 , 1 , 1.94581 , 2 , 2476410 , 605778 , 402722 , 191 , 1817 , 402 , 104 , 18 , 4 )
( cnx_cypher1221118 , 0 , 1.95063 , 2 , 0 , 0 , 0 , 0 , 0 , 0 , 0 , 0 , 0 )
( cnx_coder1221118 , 1 , 1.95063 , 1 , 3849548 , 941674 , 626026 , 300 , 2825 , 626 , 162 , 30 , 7 )
( cnx_coder1221118 , 0 , 1.95672 , 1 , 0 , 0 , 0 , 0 , 0 , 0 , 0 , 0 , 0 )
( cnx_modulator1221118 , 1 , 1.95673 , 2 , 4180927 , 1022736 , 679916 , 323 , 3068 , 679 , 176 , 31 , 7 )
( cnx_modulator1221118 , 0 , 1.96464 , 2 , 0 , 0 , 0 , 0 , 0 , 0 , 0 , 0 , 0 )
( cnx_snk1221118 , 1 , 1.96464 , 1 , 295661 , 72324 , 48081 , 23 , 216 , 48 , 12 , 2 , 1 )
( cnx_end1221118 , 1 , 1.96538 , 1 , 100 , 12 , 5 , 1 , 1 , 5 , 1 , 2 , 2 )
( cnx_end1221118 , 0 , 1.96561 , 1 , 0 , 0 , 0 , 0 , 0 , 0 , 0 , 0 , 0 )
( cnx_snk1221118 , 0 , 1.96561 , 1 , 0 , 0 , 0 , 0 , 0 , 0 , 0 , 0 , 0 )
( cnx_main , 1 , 1.9667 , 1 , 1000 , 120 , 50 , 10 , 12 , 5 , 1 , 2 , 2 )
( cnx_main , 0 , 1.96699 , 1 , 0 , 0 , 0 , 0 , 0 , 0 , 0 , 0 , 0 )
( cnx_slice2 , 1 , 1.96699 , 1 , 12000000 , 3035056 , 1323677 , 10000 , 6000 , 3000 , 260 , 1500 , 800 )
( cnx_slice1 , 1 , 1.96699 , 2 , 12000000 , 3035056 , 1323677 , 10000 , 6000 , 3000 , 260 , 1500 , 800 )
( cnx_slice2 , 0 , 1.98498 , 1 , 0 , 0 , 0 , 0 , 0 , 0 , 0 , 0 , 0 )
( cnx_filter2 , 1 , 1.98499 , 1 , 17000000 , 3235056 , 1623677 , 10500 , 6470 , 3247 , 270 , 1617 , 811 )
( cnx_slice1 , 0 , 1.98873 , 2 , 0 , 0 , 0 , 0 , 0 , 0 , 0 , 0 , 0 )
( cnx_filter1 , 1 , 1.98873 , 2 , 17000000 , 3235056 , 1623677 , 10500 , 6470 , 3247 , 270 , 1617 , 811 )
( cnx_filter2 , 0 , 2.00797 , 1 , 0 , 0 , 0 , 0 , 0 , 0 , 0 , 0 , 0 )
( cnx_out2 , 1 , 2.00797 , 1 , 10000 , 1200 , 500 , 100 , 120 , 50 , 10 , 12 , 5 )
( cnx_out2 , 0 , 2.00822 , 1 , 0 , 0 , 0 , 0 , 0 , 0 , 0 , 0 , 0 )
( cnx_generator1221118 , 1 , 2.00822 , 1 , 9038501 , 2210993 , 1469871 , 700 , 6632 , 1469 , 380 , 60 , 14 )
( cnx_filter1 , 0 , 2.01629 , 2 , 0 , 0 , 0 , 0 , 0 , 0 , 0 , 0 , 0 )
( cnx_out1 , 1 , 2.01629 , 1 , 10000 , 1200 , 500 , 100 , 120 , 50 , 10 , 12 , 5 )
( cnx_out1 , 0 , 2.01655 , 1 , 0 , 0 , 0 , 0 , 0 , 0 , 0 , 0 , 0 )
( cnx_write_buffer , 1 , 2.01655 , 2 , 0 , 0 , 0 , 0 , 0 , 0 , 0 , 0 , 0 )
( cnx_write_buffer , 0 , 2.01657 , 2 , 0 , 0 , 0 , 0 , 0 , 0 , 0 , 0 , 0 )
( cnx_generator1221118 , 0 , 2.02239 , 1 , 0 , 0 , 0 , 0 , 0 , 0 , 0 , 0 , 0 )
( cnx_cypher1221118 , 1 , 2.0224 , 2 , 2476410 , 605778 , 402722 , 191 , 1817 , 402 , 104 , 18 , 4 )
( cnx_cypher1221118 , 0 , 2.02721 , 2 , 0 , 0 , 0 , 0 , 0 , 0 , 0 , 0 , 0 )
( cnx_coder1221118 , 1 , 2.02721 , 1 , 3849548 , 941674 , 626026 , 300 , 2825 , 626 , 162 , 30 , 7 )
( cnx_coder1221118 , 0 , 2.0333 , 1 , 0 , 0 , 0 , 0 , 0 , 0 , 0 , 0 , 0 )
( cnx_modulator1221118 , 1 , 2.03331 , 2 , 4180927 , 1022736 , 679916 , 323 , 3068 , 679 , 176 , 31 , 7 )
( cnx_modulator1221118 , 0 , 2.04121 , 2 , 0 , 0 , 0 , 0 , 0 , 0 , 0 , 0 , 0 )
( cnx_snk1221118 , 1 , 2.04121 , 1 , 295661 , 72324 , 48081 , 23 , 216 , 48 , 12 , 2 , 1 )
( cnx_end1221118 , 1 , 2.04195 , 1 , 100 , 12 , 5 , 1 , 1 , 5 , 1 , 2 , 2 )
( cnx_end1221118 , 0 , 2.04218 , 1 , 0 , 0 , 0 , 0 , 0 , 0 , 0 , 0 , 0 )
( cnx_snk1221118 , 0 , 2.04218 , 1 , 0 , 0 , 0 , 0 , 0 , 0 , 0 , 0 , 0 )
( cnx_main , 1 , 2.0467 , 1 , 1000 , 120 , 50 , 10 , 12 , 5 , 1 , 2 , 2 )
( cnx_main , 0 , 2.04699 , 1 , 0 , 0 , 0 , 0 , 0 , 0 , 0 , 0 , 0 )
( cnx_slice1 , 1 , 2.04699 , 2 , 15039303 , 3235056 , 1623677 , 10500 , 6470 , 3247 , 270 , 1617 , 811 )
( cnx_generator1221118 , 1 , 2.04699 , 1 , 9038501 , 2210993 , 1469871 , 700 , 6632 , 1469 , 380 , 60 , 14 )
( cnx_slice2 , 1 , 2.047 , 1 , 15039303 , 3235056 , 1623677 , 10500 , 6470 , 3247 , 270 , 1617 , 811 )
( cnx_slice2 , 0 , 2.06842 , 1 , 0 , 0 , 0 , 0 , 0 , 0 , 0 , 0 , 0 )
( cnx_filter2 , 1 , 2.06842 , 1 , 17000000 , 3235056 , 1623677 , 10500 , 6470 , 3247 , 270 , 1617 , 811 )
( cnx_slice1 , 0 , 2.07263 , 2 , 0 , 0 , 0 , 0 , 0 , 0 , 0 , 0 , 0 )
( cnx_filter1 , 1 , 2.07264 , 2 , 17000000 , 3235056 , 1623677 , 10500 , 6470 , 3247 , 270 , 1617 , 811 )
( cnx_filter2 , 0 , 2.09139 , 1 , 0 , 0 , 0 , 0 , 0 , 0 , 0 , 0 , 0 )
( cnx_out2 , 1 , 2.09139 , 1 , 10000 , 1200 , 500 , 100 , 120 , 50 , 10 , 12 , 5 )
( cnx_out2 , 0 , 2.09164 , 1 , 0 , 0 , 0 , 0 , 0 , 0 , 0 , 0 , 0 )
( cnx_filter1 , 0 , 2.10019 , 2 , 0 , 0 , 0 , 0 , 0 , 0 , 0 , 0 , 0 )
( cnx_out1 , 1 , 2.1002 , 1 , 10000 , 1200 , 500 , 100 , 120 , 50 , 10 , 12 , 5 )
( cnx_out1 , 0 , 2.10045 , 1 , 0 , 0 , 0 , 0 , 0 , 0 , 0 , 0 , 0 )
( cnx_generator1221118 , 0 , 2.10581 , 1 , 0 , 0 , 0 , 0 , 0 , 0 , 0 , 0 , 0 )
( cnx_cypher1221118 , 1 , 2.10582 , 2 , 2476410 , 605778 , 402722 , 191 , 1817 , 402 , 104 , 18 , 4 )
( cnx_cypher1221118 , 0 , 2.11063 , 2 , 0 , 0 , 0 , 0 , 0 , 0 , 0 , 0 , 0 )
( cnx_coder1221118 , 1 , 2.11063 , 1 , 3849548 , 941674 , 626026 , 300 , 2825 , 626 , 162 , 30 , 7 )
( cnx_coder1221118 , 0 , 2.11672 , 1 , 0 , 0 , 0 , 0 , 0 , 0 , 0 , 0 , 0 )
( cnx_modulator1221118 , 1 , 2.11672 , 2 , 4180927 , 1022736 , 679916 , 323 , 3068 , 679 , 176 , 31 , 7 )
( cnx_modulator1221118 , 0 , 2.1247 , 2 , 0 , 0 , 0 , 0 , 0 , 0 , 0 , 0 , 0 )
( cnx_snk1221118 , 1 , 2.1247 , 1 , 295661 , 72324 , 48081 , 23 , 216 , 48 , 12 , 2 , 1 )
( cnx_end1221118 , 1 , 2.12543 , 1 , 100 , 12 , 5 , 1 , 1 , 5 , 1 , 2 , 2 )
( cnx_end1221118 , 0 , 2.12567 , 1 , 0 , 0 , 0 , 0 , 0 , 0 , 0 , 0 , 0 )
( cnx_snk1221118 , 0 , 2.12567 , 1 , 0 , 0 , 0 , 0 , 0 , 0 , 0 , 0 , 0 )
( cnx_main , 1 , 2.1267 , 1 , 1000 , 120 , 50 , 10 , 12 , 5 , 1 , 2 , 2 )
( cnx_main , 0 , 2.12699 , 1 , 0 , 0 , 0 , 0 , 0 , 0 , 0 , 0 , 0 )
( cnx_slice2 , 1 , 2.12699 , 1 , 15039303 , 3235056 , 1623677 , 10500 , 6470 , 3247 , 270 , 1617 , 811 )
( cnx_slice1 , 1 , 2.12699 , 2 , 15039303 , 3235056 , 1623677 , 10500 , 6470 , 3247 , 270 , 1617 , 811 )
( cnx_slice2 , 0 , 2.14835 , 1 , 0 , 0 , 0 , 0 , 0 , 0 , 0 , 0 , 0 )
( cnx_filter2 , 1 , 2.14835 , 1 , 17000000 , 3235056 , 1623677 , 10500 , 6470 , 3247 , 270 , 1617 , 811 )
( cnx_slice1 , 0 , 2.15264 , 2 , 0 , 0 , 0 , 0 , 0 , 0 , 0 , 0 , 0 )
( cnx_filter1 , 1 , 2.15264 , 2 , 17000000 , 3235056 , 1623677 , 10500 , 6470 , 3247 , 270 , 1617 , 811 )
( cnx_filter2 , 0 , 2.17131 , 1 , 0 , 0 , 0 , 0 , 0 , 0 , 0 , 0 , 0 )
( cnx_out2 , 1 , 2.17131 , 1 , 10000 , 1200 , 500 , 100 , 120 , 50 , 10 , 12 , 5 )
( cnx_out2 , 0 , 2.17157 , 1 , 0 , 0 , 0 , 0 , 0 , 0 , 0 , 0 , 0 )
( cnx_generator1221118 , 1 , 2.17157 , 1 , 9038501 , 2210993 , 1469871 , 700 , 6632 , 1469 , 380 , 60 , 14 )
( cnx_filter1 , 0 , 2.18019 , 2 , 0 , 0 , 0 , 0 , 0 , 0 , 0 , 0 , 0 )
( cnx_out1 , 1 , 2.18019 , 1 , 10000 , 1200 , 500 , 100 , 120 , 50 , 10 , 12 , 5 )
( cnx_write_buffer , 1 , 2.18019 , 2 , 0 , 0 , 0 , 0 , 0 , 0 , 0 , 0 , 0 )
( cnx_write_buffer , 0 , 2.1802 , 2 , 0 , 0 , 0 , 0 , 0 , 0 , 0 , 0 , 0 )
( cnx_out1 , 0 , 2.18044 , 1 , 0 , 0 , 0 , 0 , 0 , 0 , 0 , 0 , 0 )
( cnx_generator1221118 , 0 , 2.18574 , 1 , 0 , 0 , 0 , 0 , 0 , 0 , 0 , 0 , 0 )
( cnx_cypher1221118 , 1 , 2.18575 , 2 , 2476410 , 605778 , 402722 , 191 , 1817 , 402 , 104 , 18 , 4 )
( cnx_cypher1221118 , 0 , 2.19056 , 2 , 0 , 0 , 0 , 0 , 0 , 0 , 0 , 0 , 0 )
( cnx_coder1221118 , 1 , 2.19056 , 1 , 3849548 , 941674 , 626026 , 300 , 2825 , 626 , 162 , 30 , 7 )
( cnx_coder1221118 , 0 , 2.19665 , 1 , 0 , 0 , 0 , 0 , 0 , 0 , 0 , 0 , 0 )
( cnx_modulator1221118 , 1 , 2.19666 , 2 , 4180927 , 1022736 , 679916 , 323 , 3068 , 679 , 176 , 31 , 7 )
( cnx_modulator1221118 , 0 , 2.20456 , 2 , 0 , 0 , 0 , 0 , 0 , 0 , 0 , 0 , 0 )
( cnx_snk1221118 , 1 , 2.20457 , 1 , 295661 , 72324 , 48081 , 23 , 216 , 48 , 12 , 2 , 1 )
( cnx_end1221118 , 1 , 2.2053 , 1 , 100 , 12 , 5 , 1 , 1 , 5 , 1 , 2 , 2 )
( cnx_end1221118 , 0 , 2.20553 , 1 , 0 , 0 , 0 , 0 , 0 , 0 , 0 , 0 , 0 )
( cnx_snk1221118 , 0 , 2.20553 , 1 , 0 , 0 , 0 , 0 , 0 , 0 , 0 , 0 , 0 )
( cnx_main , 1 , 2.2067 , 1 , 1000 , 120 , 50 , 10 , 12 , 5 , 1 , 2 , 2 )
( cnx_main , 0 , 2.20698 , 1 , 0 , 0 , 0 , 0 , 0 , 0 , 0 , 0 , 0 )
( cnx_slice2 , 1 , 2.20698 , 1 , 15039303 , 3235056 , 1623677 , 10500 , 6470 , 3247 , 270 , 1617 , 811 )
( cnx_slice1 , 1 , 2.20698 , 2 , 15039303 , 3235056 , 1623677 , 10500 , 6470 , 3247 , 270 , 1617 , 811 )
( cnx_slice2 , 0 , 2.22833 , 1 , 0 , 0 , 0 , 0 , 0 , 0 , 0 , 0 , 0 )
( cnx_filter2 , 1 , 2.22834 , 1 , 17000000 , 3235056 , 1623677 , 10500 , 6470 , 3247 , 270 , 1617 , 811 )
( cnx_slice1 , 0 , 2.23261 , 2 , 0 , 0 , 0 , 0 , 0 , 0 , 0 , 0 , 0 )
( cnx_filter1 , 1 , 2.23261 , 2 , 17000000 , 3235056 , 1623677 , 10500 , 6470 , 3247 , 270 , 1617 , 811 )
( cnx_filter2 , 0 , 2.25129 , 1 , 0 , 0 , 0 , 0 , 0 , 0 , 0 , 0 , 0 )
( cnx_out2 , 1 , 2.2513 , 1 , 10000 , 1200 , 500 , 100 , 120 , 50 , 10 , 12 , 5 )
( cnx_out2 , 0 , 2.25155 , 1 , 0 , 0 , 0 , 0 , 0 , 0 , 0 , 0 , 0 )
( cnx_generator1221118 , 1 , 2.25155 , 1 , 9038501 , 2210993 , 1469871 , 700 , 6632 , 1469 , 380 , 60 , 14 )
( cnx_filter1 , 0 , 2.26023 , 2 , 0 , 0 , 0 , 0 , 0 , 0 , 0 , 0 , 0 )
( cnx_out1 , 1 , 2.26023 , 1 , 10000 , 1200 , 500 , 100 , 120 , 50 , 10 , 12 , 5 )
( cnx_out1 , 0 , 2.26049 , 1 , 0 , 0 , 0 , 0 , 0 , 0 , 0 , 0 , 0 )
( cnx_write_buffer , 1 , 2.26049 , 2 , 0 , 0 , 0 , 0 , 0 , 0 , 0 , 0 , 0 )
( cnx_write_buffer , 0 , 2.26051 , 2 , 0 , 0 , 0 , 0 , 0 , 0 , 0 , 0 , 0 )
( cnx_generator1221118 , 0 , 2.26572 , 1 , 0 , 0 , 0 , 0 , 0 , 0 , 0 , 0 , 0 )
( cnx_cypher1221118 , 1 , 2.26572 , 2 , 2476410 , 605778 , 402722 , 191 , 1817 , 402 , 104 , 18 , 4 )
( cnx_cypher1221118 , 0 , 2.27054 , 2 , 0 , 0 , 0 , 0 , 0 , 0 , 0 , 0 , 0 )
( cnx_coder1221118 , 1 , 2.27054 , 1 , 3849548 , 941674 , 626026 , 300 , 2825 , 626 , 162 , 30 , 7 )
( cnx_coder1221118 , 0 , 2.27662 , 1 , 0 , 0 , 0 , 0 , 0 , 0 , 0 , 0 , 0 )
( cnx_modulator1221118 , 1 , 2.27662 , 2 , 4180927 , 1022736 , 679916 , 323 , 3068 , 679 , 176 , 31 , 7 )
( cnx_modulator1221118 , 0 , 2.28453 , 2 , 0 , 0 , 0 , 0 , 0 , 0 , 0 , 0 , 0 )
( cnx_snk1221118 , 1 , 2.28454 , 1 , 295661 , 72324 , 48081 , 23 , 216 , 48 , 12 , 2 , 1 )
( cnx_end1221118 , 1 , 2.28527 , 1 , 100 , 12 , 5 , 1 , 1 , 5 , 1 , 2 , 2 )
( cnx_end1221118 , 0 , 2.28551 , 1 , 0 , 0 , 0 , 0 , 0 , 0 , 0 , 0 , 0 )
( cnx_snk1221118 , 0 , 2.28551 , 1 , 0 , 0 , 0 , 0 , 0 , 0 , 0 , 0 , 0 )
( cnx_main , 1 , 2.2867 , 1 , 1000 , 120 , 50 , 10 , 12 , 5 , 1 , 2 , 2 )
( cnx_main , 0 , 2.28699 , 1 , 0 , 0 , 0 , 0 , 0 , 0 , 0 , 0 , 0 )
( cnx_slice2 , 1 , 2.28699 , 1 , 12000000 , 3035056 , 1323677 , 10000 , 6000 , 3000 , 260 , 1500 , 800 )
( cnx_slice1 , 1 , 2.28699 , 2 , 12000000 , 3035056 , 1323677 , 10000 , 6000 , 3000 , 260 , 1500 , 800 )
( cnx_slice2 , 0 , 2.30498 , 1 , 0 , 0 , 0 , 0 , 0 , 0 , 0 , 0 , 0 )
( cnx_filter2 , 1 , 2.30499 , 1 , 17000000 , 3235056 , 1623677 , 10500 , 6470 , 3247 , 270 , 1617 , 811 )
( cnx_slice1 , 0 , 2.3086 , 2 , 0 , 0 , 0 , 0 , 0 , 0 , 0 , 0 , 0 )
( cnx_filter1 , 1 , 2.3086 , 2 , 17000000 , 3235056 , 1623677 , 10500 , 6470 , 3247 , 270 , 1617 , 811 )
( cnx_filter2 , 0 , 2.32804 , 1 , 0 , 0 , 0 , 0 , 0 , 0 , 0 , 0 , 0 )
( cnx_out2 , 1 , 2.32804 , 1 , 10000 , 1200 , 500 , 100 , 120 , 50 , 10 , 12 , 5 )
( cnx_out2 , 0 , 2.32829 , 1 , 0 , 0 , 0 , 0 , 0 , 0 , 0 , 0 , 0 )
( cnx_generator1221118 , 1 , 2.32829 , 1 , 9038501 , 2210993 , 1469871 , 700 , 6632 , 1469 , 380 , 60 , 14 )
( cnx_filter1 , 0 , 2.33616 , 2 , 0 , 0 , 0 , 0 , 0 , 0 , 0 , 0 , 0 )
( cnx_out1 , 1 , 2.33617 , 1 , 10000 , 1200 , 500 , 100 , 120 , 50 , 10 , 12 , 5 )
( cnx_out1 , 0 , 2.33642 , 1 , 0 , 0 , 0 , 0 , 0 , 0 , 0 , 0 , 0 )
( cnx_generator1221118 , 0 , 2.34246 , 1 , 0 , 0 , 0 , 0 , 0 , 0 , 0 , 0 , 0 )
( cnx_cypher1221118 , 1 , 2.34247 , 2 , 2476410 , 605778 , 402722 , 191 , 1817 , 402 , 104 , 18 , 4 )
( cnx_cypher1221118 , 0 , 2.34728 , 2 , 0 , 0 , 0 , 0 , 0 , 0 , 0 , 0 , 0 )
( cnx_coder1221118 , 1 , 2.34728 , 1 , 3849548 , 941674 , 626026 , 300 , 2825 , 626 , 162 , 30 , 7 )
( cnx_coder1221118 , 0 , 2.35337 , 1 , 0 , 0 , 0 , 0 , 0 , 0 , 0 , 0 , 0 )
( cnx_modulator1221118 , 1 , 2.35337 , 2 , 4180927 , 1022736 , 679916 , 323 , 3068 , 679 , 176 , 31 , 7 )
( cnx_modulator1221118 , 0 , 2.36131 , 2 , 0 , 0 , 0 , 0 , 0 , 0 , 0 , 0 , 0 )
( cnx_snk1221118 , 1 , 2.36132 , 1 , 295661 , 72324 , 48081 , 23 , 216 , 48 , 12 , 2 , 1 )
( cnx_end1221118 , 1 , 2.36202 , 1 , 100 , 12 , 5 , 1 , 1 , 5 , 1 , 2 , 2 )
( cnx_end1221118 , 0 , 2.36226 , 1 , 0 , 0 , 0 , 0 , 0 , 0 , 0 , 0 , 0 )
( cnx_snk1221118 , 0 , 2.36227 , 1 , 0 , 0 , 0 , 0 , 0 , 0 , 0 , 0 , 0 )
( cnx_main , 1 , 2.36671 , 1 , 1000 , 120 , 50 , 10 , 12 , 5 , 1 , 2 , 2 )
( cnx_main , 0 , 2.36699 , 1 , 0 , 0 , 0 , 0 , 0 , 0 , 0 , 0 , 0 )
( cnx_slice2 , 1 , 2.36699 , 1 , 15039303 , 3235056 , 1623677 , 10500 , 6470 , 3247 , 270 , 1617 , 811 )
( cnx_slice1 , 1 , 2.36699 , 2 , 15039303 , 3235056 , 1623677 , 10500 , 6470 , 3247 , 270 , 1617 , 811 )
( cnx_slice2 , 0 , 2.38835 , 1 , 0 , 0 , 0 , 0 , 0 , 0 , 0 , 0 , 0 )
( cnx_filter2 , 1 , 2.38836 , 1 , 17000000 , 3235056 , 1623677 , 10500 , 6470 , 3247 , 270 , 1617 , 811 )
( cnx_slice1 , 0 , 2.39264 , 2 , 0 , 0 , 0 , 0 , 0 , 0 , 0 , 0 , 0 )
( cnx_filter1 , 1 , 2.39264 , 2 , 17000000 , 3235056 , 1623677 , 10500 , 6470 , 3247 , 270 , 1617 , 811 )
( cnx_filter2 , 0 , 2.4114 , 1 , 0 , 0 , 0 , 0 , 0 , 0 , 0 , 0 , 0 )
( cnx_out2 , 1 , 2.4114 , 1 , 10000 , 1200 , 500 , 100 , 120 , 50 , 10 , 12 , 5 )
( cnx_out2 , 0 , 2.41165 , 1 , 0 , 0 , 0 , 0 , 0 , 0 , 0 , 0 , 0 )
( cnx_generator1221118 , 1 , 2.41166 , 1 , 9038501 , 2210993 , 1469871 , 700 , 6632 , 1469 , 380 , 60 , 14 )
( cnx_filter1 , 0 , 2.42022 , 2 , 0 , 0 , 0 , 0 , 0 , 0 , 0 , 0 , 0 )
( cnx_out1 , 1 , 2.42023 , 1 , 10000 , 1200 , 500 , 100 , 120 , 50 , 10 , 12 , 5 )
( cnx_write_buffer , 1 , 2.42023 , 2 , 0 , 0 , 0 , 0 , 0 , 0 , 0 , 0 , 0 )
( cnx_write_buffer , 0 , 2.42024 , 2 , 0 , 0 , 0 , 0 , 0 , 0 , 0 , 0 , 0 )
( cnx_out1 , 0 , 2.42048 , 1 , 0 , 0 , 0 , 0 , 0 , 0 , 0 , 0 , 0 )
( cnx_generator1221118 , 0 , 2.42583 , 1 , 0 , 0 , 0 , 0 , 0 , 0 , 0 , 0 , 0 )
( cnx_cypher1221118 , 1 , 2.42583 , 2 , 2476410 , 605778 , 402722 , 191 , 1817 , 402 , 104 , 18 , 4 )
( cnx_cypher1221118 , 0 , 2.43064 , 2 , 0 , 0 , 0 , 0 , 0 , 0 , 0 , 0 , 0 )
( cnx_coder1221118 , 1 , 2.43065 , 1 , 3849548 , 941674 , 626026 , 300 , 2825 , 626 , 162 , 30 , 7 )
( cnx_coder1221118 , 0 , 2.43674 , 1 , 0 , 0 , 0 , 0 , 0 , 0 , 0 , 0 , 0 )
( cnx_modulator1221118 , 1 , 2.43674 , 2 , 4180927 , 1022736 , 679916 , 323 , 3068 , 679 , 176 , 31 , 7 )
( cnx_modulator1221118 , 0 , 2.44473 , 2 , 0 , 0 , 0 , 0 , 0 , 0 , 0 , 0 , 0 )
( cnx_snk1221118 , 1 , 2.44474 , 1 , 295661 , 72324 , 48081 , 23 , 216 , 48 , 12 , 2 , 1 )
( cnx_end1221118 , 1 , 2.44547 , 1 , 100 , 12 , 5 , 1 , 1 , 5 , 1 , 2 , 2 )
( cnx_end1221118 , 0 , 2.4457 , 1 , 0 , 0 , 0 , 0 , 0 , 0 , 0 , 0 , 0 )
( cnx_snk1221118 , 0 , 2.44571 , 1 , 0 , 0 , 0 , 0 , 0 , 0 , 0 , 0 , 0 )
( cnx_main , 1 , 2.4467 , 1 , 1000 , 120 , 50 , 10 , 12 , 5 , 1 , 2 , 2 )
( cnx_main , 0 , 2.44699 , 1 , 0 , 0 , 0 , 0 , 0 , 0 , 0 , 0 , 0 )
( cnx_slice1 , 1 , 2.44699 , 2 , 15039303 , 3235056 , 1623677 , 10500 , 6470 , 3247 , 270 , 1617 , 811 )
( cnx_generator1221118 , 1 , 2.44699 , 1 , 9038501 , 2210993 , 1469871 , 700 , 6632 , 1469 , 380 , 60 , 14 )
( cnx_slice2 , 1 , 2.447 , 1 , 15039303 , 3235056 , 1623677 , 10500 , 6470 , 3247 , 270 , 1617 , 811 )
( cnx_slice2 , 0 , 2.46835 , 1 , 0 , 0 , 0 , 0 , 0 , 0 , 0 , 0 , 0 )
( cnx_filter2 , 1 , 2.46835 , 1 , 17000000 , 3235056 , 1623677 , 10500 , 6470 , 3247 , 270 , 1617 , 811 )
( cnx_slice1 , 0 , 2.47269 , 2 , 0 , 0 , 0 , 0 , 0 , 0 , 0 , 0 , 0 )
( cnx_filter1 , 1 , 2.47269 , 2 , 17000000 , 3235056 , 1623677 , 10500 , 6470 , 3247 , 270 , 1617 , 811 )
( cnx_filter2 , 0 , 2.49133 , 1 , 0 , 0 , 0 , 0 , 0 , 0 , 0 , 0 , 0 )
( cnx_out2 , 1 , 2.49133 , 1 , 10000 , 1200 , 500 , 100 , 120 , 50 , 10 , 12 , 5 )
( cnx_out2 , 0 , 2.49158 , 1 , 0 , 0 , 0 , 0 , 0 , 0 , 0 , 0 , 0 )
( cnx_filter1 , 0 , 2.50025 , 2 , 0 , 0 , 0 , 0 , 0 , 0 , 0 , 0 , 0 )
( cnx_out1 , 1 , 2.50025 , 1 , 10000 , 1200 , 500 , 100 , 120 , 50 , 10 , 12 , 5 )
( cnx_out1 , 0 , 2.50051 , 1 , 0 , 0 , 0 , 0 , 0 , 0 , 0 , 0 , 0 )
( cnx_write_buffer , 1 , 2.50051 , 2 , 0 , 0 , 0 , 0 , 0 , 0 , 0 , 0 , 0 )
( cnx_write_buffer , 0 , 2.50053 , 2 , 0 , 0 , 0 , 0 , 0 , 0 , 0 , 0 , 0 )
( cnx_generator1221118 , 0 , 2.50582 , 1 , 0 , 0 , 0 , 0 , 0 , 0 , 0 , 0 , 0 )
( cnx_cypher1221118 , 1 , 2.50582 , 2 , 2476410 , 605778 , 402722 , 191 , 1817 , 402 , 104 , 18 , 4 )
( cnx_cypher1221118 , 0 , 2.51064 , 2 , 0 , 0 , 0 , 0 , 0 , 0 , 0 , 0 , 0 )
( cnx_coder1221118 , 1 , 2.51064 , 1 , 3849548 , 941674 , 626026 , 300 , 2825 , 626 , 162 , 30 , 7 )
( cnx_coder1221118 , 0 , 2.51673 , 1 , 0 , 0 , 0 , 0 , 0 , 0 , 0 , 0 , 0 )
( cnx_modulator1221118 , 1 , 2.51674 , 2 , 4180927 , 1022736 , 679916 , 323 , 3068 , 679 , 176 , 31 , 7 )
( cnx_modulator1221118 , 0 , 2.52465 , 2 , 0 , 0 , 0 , 0 , 0 , 0 , 0 , 0 , 0 )
( cnx_snk1221118 , 1 , 2.52465 , 1 , 295661 , 72324 , 48081 , 23 , 216 , 48 , 12 , 2 , 1 )
( cnx_end1221118 , 1 , 2.52539 , 1 , 100 , 12 , 5 , 1 , 1 , 5 , 1 , 2 , 2 )
( cnx_end1221118 , 0 , 2.52562 , 1 , 0 , 0 , 0 , 0 , 0 , 0 , 0 , 0 , 0 )
( cnx_snk1221118 , 0 , 2.52562 , 1 , 0 , 0 , 0 , 0 , 0 , 0 , 0 , 0 , 0 )
( cnx_main , 1 , 2.5267 , 1 , 1000 , 120 , 50 , 10 , 12 , 5 , 1 , 2 , 2 )
( cnx_main , 0 , 2.52698 , 1 , 0 , 0 , 0 , 0 , 0 , 0 , 0 , 0 , 0 )
( cnx_slice2 , 1 , 2.52698 , 1 , 15039303 , 3235056 , 1623677 , 10500 , 6470 , 3247 , 270 , 1617 , 811 )
( cnx_slice1 , 1 , 2.52698 , 2 , 15039303 , 3235056 , 1623677 , 10500 , 6470 , 3247 , 270 , 1617 , 811 )
( cnx_slice2 , 0 , 2.54833 , 1 , 0 , 0 , 0 , 0 , 0 , 0 , 0 , 0 , 0 )
( cnx_filter2 , 1 , 2.54833 , 1 , 17000000 , 3235056 , 1623677 , 10500 , 6470 , 3247 , 270 , 1617 , 811 )
( cnx_slice1 , 0 , 2.5526 , 2 , 0 , 0 , 0 , 0 , 0 , 0 , 0 , 0 , 0 )
( cnx_filter1 , 1 , 2.5526 , 2 , 17000000 , 3235056 , 1623677 , 10500 , 6470 , 3247 , 270 , 1617 , 811 )
( cnx_filter2 , 0 , 2.57128 , 1 , 0 , 0 , 0 , 0 , 0 , 0 , 0 , 0 , 0 )
( cnx_out2 , 1 , 2.57128 , 1 , 10000 , 1200 , 500 , 100 , 120 , 50 , 10 , 12 , 5 )
( cnx_out2 , 0 , 2.57153 , 1 , 0 , 0 , 0 , 0 , 0 , 0 , 0 , 0 , 0 )
( cnx_generator1221118 , 1 , 2.57153 , 1 , 9038501 , 2210993 , 1469871 , 700 , 6632 , 1469 , 380 , 60 , 14 )
( cnx_filter1 , 0 , 2.58022 , 2 , 0 , 0 , 0 , 0 , 0 , 0 , 0 , 0 , 0 )
( cnx_out1 , 1 , 2.58022 , 1 , 10000 , 1200 , 500 , 100 , 120 , 50 , 10 , 12 , 5 )
( cnx_out1 , 0 , 2.58047 , 1 , 0 , 0 , 0 , 0 , 0 , 0 , 0 , 0 , 0 )
( cnx_generator1221118 , 0 , 2.58569 , 1 , 0 , 0 , 0 , 0 , 0 , 0 , 0 , 0 , 0 )
( cnx_cypher1221118 , 1 , 2.5857 , 2 , 2476410 , 605778 , 402722 , 191 , 1817 , 402 , 104 , 18 , 4 )
( cnx_cypher1221118 , 0 , 2.59051 , 2 , 0 , 0 , 0 , 0 , 0 , 0 , 0 , 0 , 0 )
( cnx_coder1221118 , 1 , 2.59051 , 1 , 3849548 , 941674 , 626026 , 300 , 2825 , 626 , 162 , 30 , 7 )
( cnx_coder1221118 , 0 , 2.5966 , 1 , 0 , 0 , 0 , 0 , 0 , 0 , 0 , 0 , 0 )
( cnx_modulator1221118 , 1 , 2.5966 , 2 , 4180927 , 1022736 , 679916 , 323 , 3068 , 679 , 176 , 31 , 7 )
( cnx_modulator1221118 , 0 , 2.60451 , 2 , 0 , 0 , 0 , 0 , 0 , 0 , 0 , 0 , 0 )
( cnx_snk1221118 , 1 , 2.60451 , 1 , 295661 , 72324 , 48081 , 23 , 216 , 48 , 12 , 2 , 1 )
( cnx_end1221118 , 1 , 2.60525 , 1 , 100 , 12 , 5 , 1 , 1 , 5 , 1 , 2 , 2 )
( cnx_end1221118 , 0 , 2.60548 , 1 , 0 , 0 , 0 , 0 , 0 , 0 , 0 , 0 , 0 )
( cnx_snk1221118 , 0 , 2.60548 , 1 , 0 , 0 , 0 , 0 , 0 , 0 , 0 , 0 , 0 )
( cnx_main , 1 , 2.6067 , 1 , 1000 , 120 , 50 , 10 , 12 , 5 , 1 , 2 , 2 )
( cnx_main , 0 , 2.60698 , 1 , 0 , 0 , 0 , 0 , 0 , 0 , 0 , 0 , 0 )
( cnx_slice2 , 1 , 2.60698 , 1 , 12000000 , 3035056 , 1323677 , 10000 , 6000 , 3000 , 260 , 1500 , 800 )
( cnx_slice1 , 1 , 2.60698 , 2 , 12000000 , 3035056 , 1323677 , 10000 , 6000 , 3000 , 260 , 1500 , 800 )
( cnx_slice2 , 0 , 2.62497 , 1 , 0 , 0 , 0 , 0 , 0 , 0 , 0 , 0 , 0 )
( cnx_filter2 , 1 , 2.62497 , 1 , 17000000 , 3235056 , 1623677 , 10500 , 6470 , 3247 , 270 , 1617 , 811 )
( cnx_slice1 , 0 , 2.62859 , 2 , 0 , 0 , 0 , 0 , 0 , 0 , 0 , 0 , 0 )
( cnx_filter1 , 1 , 2.62859 , 2 , 17000000 , 3235056 , 1623677 , 10500 , 6470 , 3247 , 270 , 1617 , 811 )
( cnx_filter2 , 0 , 2.64799 , 1 , 0 , 0 , 0 , 0 , 0 , 0 , 0 , 0 , 0 )
( cnx_out2 , 1 , 2.648 , 1 , 10000 , 1200 , 500 , 100 , 120 , 50 , 10 , 12 , 5 )
( cnx_out2 , 0 , 2.64825 , 1 , 0 , 0 , 0 , 0 , 0 , 0 , 0 , 0 , 0 )
( cnx_generator1221118 , 1 , 2.64825 , 1 , 9038501 , 2210993 , 1469871 , 700 , 6632 , 1469 , 380 , 60 , 14 )
( cnx_filter1 , 0 , 2.65614 , 2 , 0 , 0 , 0 , 0 , 0 , 0 , 0 , 0 , 0 )
( cnx_out1 , 1 , 2.65614 , 1 , 10000 , 1200 , 500 , 100 , 120 , 50 , 10 , 12 , 5 )
( cnx_write_buffer , 1 , 2.65615 , 2 , 0 , 0 , 0 , 0 , 0 , 0 , 0 , 0 , 0 )
( cnx_write_buffer , 0 , 2.65616 , 2 , 0 , 0 , 0 , 0 , 0 , 0 , 0 , 0 , 0 )
( cnx_out1 , 0 , 2.6564 , 1 , 0 , 0 , 0 , 0 , 0 , 0 , 0 , 0 , 0 )
( cnx_generator1221118 , 0 , 2.66242 , 1 , 0 , 0 , 0 , 0 , 0 , 0 , 0 , 0 , 0 )
( cnx_cypher1221118 , 1 , 2.66242 , 2 , 2476410 , 605778 , 402722 , 191 , 1817 , 402 , 104 , 18 , 4 )
( cnx_cypher1221118 , 0 , 2.66723 , 2 , 0 , 0 , 0 , 0 , 0 , 0 , 0 , 0 , 0 )
( cnx_coder1221118 , 1 , 2.66724 , 1 , 3849548 , 941674 , 626026 , 300 , 2825 , 626 , 162 , 30 , 7 )
( cnx_coder1221118 , 0 , 2.67333 , 1 , 0 , 0 , 0 , 0 , 0 , 0 , 0 , 0 , 0 )
( cnx_modulator1221118 , 1 , 2.67333 , 2 , 4180927 , 1022736 , 679916 , 323 , 3068 , 679 , 176 , 31 , 7 )
( cnx_modulator1221118 , 0 , 2.68123 , 2 , 0 , 0 , 0 , 0 , 0 , 0 , 0 , 0 , 0 )
( cnx_snk1221118 , 1 , 2.68124 , 1 , 295661 , 72324 , 48081 , 23 , 216 , 48 , 12 , 2 , 1 )
( cnx_end1221118 , 1 , 2.68197 , 1 , 100 , 12 , 5 , 1 , 1 , 5 , 1 , 2 , 2 )
( cnx_end1221118 , 0 , 2.6822 , 1 , 0 , 0 , 0 , 0 , 0 , 0 , 0 , 0 , 0 )
( cnx_snk1221118 , 0 , 2.68221 , 1 , 0 , 0 , 0 , 0 , 0 , 0 , 0 , 0 , 0 )
( cnx_main , 1 , 2.6867 , 1 , 1000 , 120 , 50 , 10 , 12 , 5 , 1 , 2 , 2 )
( cnx_main , 0 , 2.68698 , 1 , 0 , 0 , 0 , 0 , 0 , 0 , 0 , 0 , 0 )
( cnx_slice2 , 1 , 2.68698 , 1 , 15039303 , 3235056 , 1623677 , 10500 , 6470 , 3247 , 270 , 1617 , 811 )
( cnx_slice1 , 1 , 2.68698 , 2 , 15039303 , 3235056 , 1623677 , 10500 , 6470 , 3247 , 270 , 1617 , 811 )
( cnx_slice2 , 0 , 2.70832 , 1 , 0 , 0 , 0 , 0 , 0 , 0 , 0 , 0 , 0 )
( cnx_filter2 , 1 , 2.70833 , 1 , 17000000 , 3235056 , 1623677 , 10500 , 6470 , 3247 , 270 , 1617 , 811 )
( cnx_slice1 , 0 , 2.71268 , 2 , 0 , 0 , 0 , 0 , 0 , 0 , 0 , 0 , 0 )
( cnx_filter1 , 1 , 2.71268 , 2 , 17000000 , 3235056 , 1623677 , 10500 , 6470 , 3247 , 270 , 1617 , 811 )
( cnx_filter2 , 0 , 2.73128 , 1 , 0 , 0 , 0 , 0 , 0 , 0 , 0 , 0 , 0 )
( cnx_out2 , 1 , 2.73128 , 1 , 10000 , 1200 , 500 , 100 , 120 , 50 , 10 , 12 , 5 )
( cnx_out2 , 0 , 2.73153 , 1 , 0 , 0 , 0 , 0 , 0 , 0 , 0 , 0 , 0 )
( cnx_generator1221118 , 1 , 2.73153 , 1 , 9038501 , 2210993 , 1469871 , 700 , 6632 , 1469 , 380 , 60 , 14 )
( cnx_filter1 , 0 , 2.74023 , 2 , 0 , 0 , 0 , 0 , 0 , 0 , 0 , 0 , 0 )
( cnx_out1 , 1 , 2.74023 , 1 , 10000 , 1200 , 500 , 100 , 120 , 50 , 10 , 12 , 5 )
( cnx_out1 , 0 , 2.74049 , 1 , 0 , 0 , 0 , 0 , 0 , 0 , 0 , 0 , 0 )
( cnx_write_buffer , 1 , 2.74049 , 2 , 0 , 0 , 0 , 0 , 0 , 0 , 0 , 0 , 0 )
( cnx_write_buffer , 0 , 2.74051 , 2 , 0 , 0 , 0 , 0 , 0 , 0 , 0 , 0 , 0 )
( cnx_generator1221118 , 0 , 2.7457 , 1 , 0 , 0 , 0 , 0 , 0 , 0 , 0 , 0 , 0 )
( cnx_cypher1221118 , 1 , 2.7457 , 2 , 2476410 , 605778 , 402722 , 191 , 1817 , 402 , 104 , 18 , 4 )
( cnx_cypher1221118 , 0 , 2.75052 , 2 , 0 , 0 , 0 , 0 , 0 , 0 , 0 , 0 , 0 )
( cnx_coder1221118 , 1 , 2.75052 , 1 , 3849548 , 941674 , 626026 , 300 , 2825 , 626 , 162 , 30 , 7 )
( cnx_coder1221118 , 0 , 2.75657 , 1 , 0 , 0 , 0 , 0 , 0 , 0 , 0 , 0 , 0 )
( cnx_modulator1221118 , 1 , 2.75657 , 2 , 4180927 , 1022736 , 679916 , 323 , 3068 , 679 , 176 , 31 , 7 )
( cnx_modulator1221118 , 0 , 2.76448 , 2 , 0 , 0 , 0 , 0 , 0 , 0 , 0 , 0 , 0 )
( cnx_snk1221118 , 1 , 2.76449 , 1 , 295661 , 72324 , 48081 , 23 , 216 , 48 , 12 , 2 , 1 )
( cnx_end1221118 , 1 , 2.76522 , 1 , 100 , 12 , 5 , 1 , 1 , 5 , 1 , 2 , 2 )
( cnx_end1221118 , 0 , 2.76545 , 1 , 0 , 0 , 0 , 0 , 0 , 0 , 0 , 0 , 0 )
( cnx_snk1221118 , 0 , 2.76545 , 1 , 0 , 0 , 0 , 0 , 0 , 0 , 0 , 0 , 0 )
( cnx_main , 1 , 2.7667 , 1 , 1000 , 120 , 50 , 10 , 12 , 5 , 1 , 2 , 2 )
( cnx_main , 0 , 2.76699 , 1 , 0 , 0 , 0 , 0 , 0 , 0 , 0 , 0 , 0 )
( cnx_slice1 , 1 , 2.76699 , 2 , 15039303 , 3235056 , 1623677 , 10500 , 6470 , 3247 , 270 , 1617 , 811 )
( cnx_generator1221118 , 1 , 2.76699 , 1 , 9038501 , 2210993 , 1469871 , 700 , 6632 , 1469 , 380 , 60 , 14 )
( cnx_slice2 , 1 , 2.767 , 1 , 15039303 , 3235056 , 1623677 , 10500 , 6470 , 3247 , 270 , 1617 , 811 )
( cnx_slice2 , 0 , 2.78844 , 1 , 0 , 0 , 0 , 0 , 0 , 0 , 0 , 0 , 0 )
( cnx_filter2 , 1 , 2.78845 , 1 , 17000000 , 3235056 , 1623677 , 10500 , 6470 , 3247 , 270 , 1617 , 811 )
( cnx_slice1 , 0 , 2.79264 , 2 , 0 , 0 , 0 , 0 , 0 , 0 , 0 , 0 , 0 )
( cnx_filter1 , 1 , 2.79264 , 2 , 17000000 , 3235056 , 1623677 , 10500 , 6470 , 3247 , 270 , 1617 , 811 )
( cnx_filter2 , 0 , 2.81141 , 1 , 0 , 0 , 0 , 0 , 0 , 0 , 0 , 0 , 0 )
( cnx_out2 , 1 , 2.81142 , 1 , 10000 , 1200 , 500 , 100 , 120 , 50 , 10 , 12 , 5 )
( cnx_out2 , 0 , 2.81167 , 1 , 0 , 0 , 0 , 0 , 0 , 0 , 0 , 0 , 0 )
( cnx_filter1 , 0 , 2.82024 , 2 , 0 , 0 , 0 , 0 , 0 , 0 , 0 , 0 , 0 )
( cnx_out1 , 1 , 2.82025 , 1 , 10000 , 1200 , 500 , 100 , 120 , 50 , 10 , 12 , 5 )
( cnx_out1 , 0 , 2.8205 , 1 , 0 , 0 , 0 , 0 , 0 , 0 , 0 , 0 , 0 )
( cnx_generator1221118 , 0 , 2.82584 , 1 , 0 , 0 , 0 , 0 , 0 , 0 , 0 , 0 , 0 )
( cnx_cypher1221118 , 1 , 2.82584 , 2 , 2476410 , 605778 , 402722 , 191 , 1817 , 402 , 104 , 18 , 4 )
( cnx_cypher1221118 , 0 , 2.83065 , 2 , 0 , 0 , 0 , 0 , 0 , 0 , 0 , 0 , 0 )
( cnx_coder1221118 , 1 , 2.83065 , 1 , 3849548 , 941674 , 626026 , 300 , 2825 , 626 , 162 , 30 , 7 )
( cnx_coder1221118 , 0 , 2.83674 , 1 , 0 , 0 , 0 , 0 , 0 , 0 , 0 , 0 , 0 )
( cnx_modulator1221118 , 1 , 2.83674 , 2 , 4180927 , 1022736 , 679916 , 323 , 3068 , 679 , 176 , 31 , 7 )
( cnx_modulator1221118 , 0 , 2.84473 , 2 , 0 , 0 , 0 , 0 , 0 , 0 , 0 , 0 , 0 )
( cnx_snk1221118 , 1 , 2.84473 , 1 , 295661 , 72324 , 48081 , 23 , 216 , 48 , 12 , 2 , 1 )
( cnx_end1221118 , 1 , 2.84546 , 1 , 100 , 12 , 5 , 1 , 1 , 5 , 1 , 2 , 2 )
( cnx_end1221118 , 0 , 2.8457 , 1 , 0 , 0 , 0 , 0 , 0 , 0 , 0 , 0 , 0 )
( cnx_snk1221118 , 0 , 2.8457 , 1 , 0 , 0 , 0 , 0 , 0 , 0 , 0 , 0 , 0 )
( cnx_main , 1 , 2.8467 , 1 , 1000 , 120 , 50 , 10 , 12 , 5 , 1 , 2 , 2 )
( cnx_main , 0 , 2.84699 , 1 , 0 , 0 , 0 , 0 , 0 , 0 , 0 , 0 , 0 )
( cnx_slice2 , 1 , 2.84699 , 1 , 15039303 , 3235056 , 1623677 , 10500 , 6470 , 3247 , 270 , 1617 , 811 )
( cnx_slice1 , 1 , 2.84699 , 2 , 15039303 , 3235056 , 1623677 , 10500 , 6470 , 3247 , 270 , 1617 , 811 )
( cnx_slice2 , 0 , 2.86835 , 1 , 0 , 0 , 0 , 0 , 0 , 0 , 0 , 0 , 0 )
( cnx_filter2 , 1 , 2.86836 , 1 , 17000000 , 3235056 , 1623677 , 10500 , 6470 , 3247 , 270 , 1617 , 811 )
( cnx_slice1 , 0 , 2.87263 , 2 , 0 , 0 , 0 , 0 , 0 , 0 , 0 , 0 , 0 )
( cnx_filter1 , 1 , 2.87264 , 2 , 17000000 , 3235056 , 1623677 , 10500 , 6470 , 3247 , 270 , 1617 , 811 )
( cnx_filter2 , 0 , 2.89133 , 1 , 0 , 0 , 0 , 0 , 0 , 0 , 0 , 0 , 0 )
( cnx_out2 , 1 , 2.89133 , 1 , 10000 , 1200 , 500 , 100 , 120 , 50 , 10 , 12 , 5 )
( cnx_out2 , 0 , 2.89158 , 1 , 0 , 0 , 0 , 0 , 0 , 0 , 0 , 0 , 0 )
( cnx_generator1221118 , 1 , 2.89159 , 1 , 9038501 , 2210993 , 1469871 , 700 , 6632 , 1469 , 380 , 60 , 14 )
( cnx_filter1 , 0 , 2.90021 , 2 , 0 , 0 , 0 , 0 , 0 , 0 , 0 , 0 , 0 )
( cnx_out1 , 1 , 2.90022 , 1 , 10000 , 1200 , 500 , 100 , 120 , 50 , 10 , 12 , 5 )
( cnx_write_buffer , 1 , 2.90022 , 2 , 0 , 0 , 0 , 0 , 0 , 0 , 0 , 0 , 0 )
( cnx_write_buffer , 0 , 2.90023 , 2 , 0 , 0 , 0 , 0 , 0 , 0 , 0 , 0 , 0 )
( cnx_out1 , 0 , 2.90047 , 1 , 0 , 0 , 0 , 0 , 0 , 0 , 0 , 0 , 0 )
( cnx_generator1221118 , 0 , 2.90583 , 1 , 0 , 0 , 0 , 0 , 0 , 0 , 0 , 0 , 0 )
( cnx_cypher1221118 , 1 , 2.90584 , 2 , 2476410 , 605778 , 402722 , 191 , 1817 , 402 , 104 , 18 , 4 )
( cnx_cypher1221118 , 0 , 2.91065 , 2 , 0 , 0 , 0 , 0 , 0 , 0 , 0 , 0 , 0 )
( cnx_coder1221118 , 1 , 2.91065 , 1 , 3849548 , 941674 , 626026 , 300 , 2825 , 626 , 162 , 30 , 7 )
( cnx_coder1221118 , 0 , 2.91674 , 1 , 0 , 0 , 0 , 0 , 0 , 0 , 0 , 0 , 0 )
( cnx_modulator1221118 , 1 , 2.91674 , 2 , 4180927 , 1022736 , 679916 , 323 , 3068 , 679 , 176 , 31 , 7 )
( cnx_modulator1221118 , 0 , 2.92465 , 2 , 0 , 0 , 0 , 0 , 0 , 0 , 0 , 0 , 0 )
( cnx_snk1221118 , 1 , 2.92466 , 1 , 295661 , 72324 , 48081 , 23 , 216 , 48 , 12 , 2 , 1 )
( cnx_end1221118 , 1 , 2.92539 , 1 , 100 , 12 , 5 , 1 , 1 , 5 , 1 , 2 , 2 )
( cnx_end1221118 , 0 , 2.92562 , 1 , 0 , 0 , 0 , 0 , 0 , 0 , 0 , 0 , 0 )
( cnx_snk1221118 , 0 , 2.92562 , 1 , 0 , 0 , 0 , 0 , 0 , 0 , 0 , 0 , 0 )
( cnx_main , 1 , 2.9267 , 1 , 1000 , 120 , 50 , 10 , 12 , 5 , 1 , 2 , 2 )
( cnx_main , 0 , 2.92698 , 1 , 0 , 0 , 0 , 0 , 0 , 0 , 0 , 0 , 0 )
( cnx_slice2 , 1 , 2.92698 , 1 , 12000000 , 3035056 , 1323677 , 10000 , 6000 , 3000 , 260 , 1500 , 800 )
( cnx_slice1 , 1 , 2.92699 , 2 , 12000000 , 3035056 , 1323677 , 10000 , 6000 , 3000 , 260 , 1500 , 800 )
( cnx_slice2 , 0 , 2.94498 , 1 , 0 , 0 , 0 , 0 , 0 , 0 , 0 , 0 , 0 )
( cnx_filter2 , 1 , 2.94498 , 1 , 17000000 , 3235056 , 1623677 , 10500 , 6470 , 3247 , 270 , 1617 , 811 )
( cnx_slice1 , 0 , 2.9486 , 2 , 0 , 0 , 0 , 0 , 0 , 0 , 0 , 0 , 0 )
( cnx_filter1 , 1 , 2.9486 , 2 , 17000000 , 3235056 , 1623677 , 10500 , 6470 , 3247 , 270 , 1617 , 811 )
( cnx_filter2 , 0 , 2.96794 , 1 , 0 , 0 , 0 , 0 , 0 , 0 , 0 , 0 , 0 )
( cnx_out2 , 1 , 2.96795 , 1 , 10000 , 1200 , 500 , 100 , 120 , 50 , 10 , 12 , 5 )
( cnx_out2 , 0 , 2.9682 , 1 , 0 , 0 , 0 , 0 , 0 , 0 , 0 , 0 , 0 )
( cnx_generator1221118 , 1 , 2.9682 , 1 , 9038501 , 2210993 , 1469871 , 700 , 6632 , 1469 , 380 , 60 , 14 )
( cnx_filter1 , 0 , 2.97622 , 2 , 0 , 0 , 0 , 0 , 0 , 0 , 0 , 0 , 0 )
( cnx_out1 , 1 , 2.97622 , 1 , 10000 , 1200 , 500 , 100 , 120 , 50 , 10 , 12 , 5 )
( cnx_out1 , 0 , 2.97648 , 1 , 0 , 0 , 0 , 0 , 0 , 0 , 0 , 0 , 0 )
( cnx_write_buffer , 1 , 2.97648 , 2 , 0 , 0 , 0 , 0 , 0 , 0 , 0 , 0 , 0 )
( cnx_write_buffer , 0 , 2.9765 , 2 , 0 , 0 , 0 , 0 , 0 , 0 , 0 , 0 , 0 )
( cnx_generator1221118 , 0 , 2.98237 , 1 , 0 , 0 , 0 , 0 , 0 , 0 , 0 , 0 , 0 )
( cnx_cypher1221118 , 1 , 2.98237 , 2 , 2476410 , 605778 , 402722 , 191 , 1817 , 402 , 104 , 18 , 4 )
( cnx_cypher1221118 , 0 , 2.98718 , 2 , 0 , 0 , 0 , 0 , 0 , 0 , 0 , 0 , 0 )
( cnx_coder1221118 , 1 , 2.98719 , 1 , 3849548 , 941674 , 626026 , 300 , 2825 , 626 , 162 , 30 , 7 )
( cnx_coder1221118 , 0 , 2.99328 , 1 , 0 , 0 , 0 , 0 , 0 , 0 , 0 , 0 , 0 )
( cnx_modulator1221118 , 1 , 2.99328 , 2 , 4180927 , 1022736 , 679916 , 323 , 3068 , 679 , 176 , 31 , 7 )
( cnx_modulator1221118 , 0 , 3.00119 , 2 , 0 , 0 , 0 , 0 , 0 , 0 , 0 , 0 , 0 )
( cnx_snk1221118 , 1 , 3.00119 , 1 , 295661 , 72324 , 48081 , 23 , 216 , 48 , 12 , 2 , 1 )
( cnx_end1221118 , 1 , 3.00192 , 1 , 100 , 12 , 5 , 1 , 1 , 5 , 1 , 2 , 2 )
( cnx_end1221118 , 0 , 3.00216 , 1 , 0 , 0 , 0 , 0 , 0 , 0 , 0 , 0 , 0 )
( cnx_snk1221118 , 0 , 3.00216 , 1 , 0 , 0 , 0 , 0 , 0 , 0 , 0 , 0 , 0 )
( cnx_main , 1 , 3.0067 , 1 , 1000 , 120 , 50 , 10 , 12 , 5 , 1 , 2 , 2 )
( cnx_main , 0 , 3.00698 , 1 , 0 , 0 , 0 , 0 , 0 , 0 , 0 , 0 , 0 )
( cnx_slice1 , 1 , 3.00698 , 2 , 15039303 , 3235056 , 1623677 , 10500 , 6470 , 3247 , 270 , 1617 , 811 )
( cnx_generator1221118 , 1 , 3.00699 , 1 , 9038501 , 2210993 , 1469871 , 700 , 6632 , 1469 , 380 , 60 , 14 )
( cnx_slice2 , 1 , 3.00699 , 1 , 15039303 , 3235056 , 1623677 , 10500 , 6470 , 3247 , 270 , 1617 , 811 )
( cnx_slice2 , 0 , 3.02834 , 1 , 0 , 0 , 0 , 0 , 0 , 0 , 0 , 0 , 0 )
( cnx_filter2 , 1 , 3.02834 , 1 , 17000000 , 3235056 , 1623677 , 10500 , 6470 , 3247 , 270 , 1617 , 811 )
( cnx_slice1 , 0 , 3.03261 , 2 , 0 , 0 , 0 , 0 , 0 , 0 , 0 , 0 , 0 )
( cnx_filter1 , 1 , 3.03262 , 2 , 17000000 , 3235056 , 1623677 , 10500 , 6470 , 3247 , 270 , 1617 , 811 )
( cnx_filter2 , 0 , 3.05136 , 1 , 0 , 0 , 0 , 0 , 0 , 0 , 0 , 0 , 0 )
( cnx_out2 , 1 , 3.05136 , 1 , 10000 , 1200 , 500 , 100 , 120 , 50 , 10 , 12 , 5 )
( cnx_out2 , 0 , 3.05161 , 1 , 0 , 0 , 0 , 0 , 0 , 0 , 0 , 0 , 0 )
( cnx_filter1 , 0 , 3.06016 , 2 , 0 , 0 , 0 , 0 , 0 , 0 , 0 , 0 , 0 )
( cnx_out1 , 1 , 3.06016 , 1 , 10000 , 1200 , 500 , 100 , 120 , 50 , 10 , 12 , 5 )
( cnx_out1 , 0 , 3.06041 , 1 , 0 , 0 , 0 , 0 , 0 , 0 , 0 , 0 , 0 )
( cnx_generator1221118 , 0 , 3.06577 , 1 , 0 , 0 , 0 , 0 , 0 , 0 , 0 , 0 , 0 )
( cnx_cypher1221118 , 1 , 3.06578 , 2 , 2476410 , 605778 , 402722 , 191 , 1817 , 402 , 104 , 18 , 4 )
( cnx_cypher1221118 , 0 , 3.07059 , 2 , 0 , 0 , 0 , 0 , 0 , 0 , 0 , 0 , 0 )
( cnx_coder1221118 , 1 , 3.07059 , 1 , 3849548 , 941674 , 626026 , 300 , 2825 , 626 , 162 , 30 , 7 )
( cnx_coder1221118 , 0 , 3.07668 , 1 , 0 , 0 , 0 , 0 , 0 , 0 , 0 , 0 , 0 )
( cnx_modulator1221118 , 1 , 3.07669 , 2 , 4180927 , 1022736 , 679916 , 323 , 3068 , 679 , 176 , 31 , 7 )
( cnx_modulator1221118 , 0 , 3.08459 , 2 , 0 , 0 , 0 , 0 , 0 , 0 , 0 , 0 , 0 )
( cnx_snk1221118 , 1 , 3.0846 , 1 , 295661 , 72324 , 48081 , 23 , 216 , 48 , 12 , 2 , 1 )
( cnx_end1221118 , 1 , 3.08533 , 1 , 100 , 12 , 5 , 1 , 1 , 5 , 1 , 2 , 2 )
( cnx_end1221118 , 0 , 3.08556 , 1 , 0 , 0 , 0 , 0 , 0 , 0 , 0 , 0 , 0 )
( cnx_snk1221118 , 0 , 3.08556 , 1 , 0 , 0 , 0 , 0 , 0 , 0 , 0 , 0 , 0 )
( cnx_main , 1 , 3.0867 , 1 , 1000 , 120 , 50 , 10 , 12 , 5 , 1 , 2 , 2 )
( cnx_main , 0 , 3.08698 , 1 , 0 , 0 , 0 , 0 , 0 , 0 , 0 , 0 , 0 )
( cnx_slice2 , 1 , 3.08698 , 1 , 15039303 , 3235056 , 1623677 , 10500 , 6470 , 3247 , 270 , 1617 , 811 )
( cnx_slice1 , 1 , 3.08698 , 2 , 15039303 , 3235056 , 1623677 , 10500 , 6470 , 3247 , 270 , 1617 , 811 )
( cnx_slice2 , 0 , 3.10833 , 1 , 0 , 0 , 0 , 0 , 0 , 0 , 0 , 0 , 0 )
( cnx_filter2 , 1 , 3.10834 , 1 , 17000000 , 3235056 , 1623677 , 10500 , 6470 , 3247 , 270 , 1617 , 811 )
( cnx_slice1 , 0 , 3.11268 , 2 , 0 , 0 , 0 , 0 , 0 , 0 , 0 , 0 , 0 )
( cnx_filter1 , 1 , 3.11268 , 2 , 17000000 , 3235056 , 1623677 , 10500 , 6470 , 3247 , 270 , 1617 , 811 )
