( cnx_main , 1 , 0.045696 , 1 , 10000 , 1200 , 500 , 100 , 120 , 50 , 10 , 12 , 5 )
( cnx_main , 0 , 0.045948 , 1 , 0 , 0 , 0 , 0 , 0 , 0 , 0 , 0 , 0 )
( cnx_slice1 , 1 , 0.045955 , 1 , 15039303 , 3235056 , 1623677 , 10500 , 6470 , 3247 , 270 , 1617 , 811 )
( cnx_slice2 , 1 , 0.045961 , 2 , 15039303 , 3235056 , 1623677 , 10500 , 6470 , 3247 , 270 , 1617 , 811 )
( cnx_slice1 , 0 , 0.06892 , 1 , 0 , 0 , 0 , 0 , 0 , 0 , 0 , 0 , 0 )
( cnx_slice3 , 1 , 0.068925 , 1 , 15039303 , 3235056 , 1623677 , 10500 , 6470 , 3247 , 270 , 1617 , 811 )
( cnx_slice2 , 0 , 0.072137 , 2 , 0 , 0 , 0 , 0 , 0 , 0 , 0 , 0 , 0 )
( cnx_filter2 , 1 , 0.072145 , 2 , 17000000 , 3235056 , 1623677 , 10500 , 6470 , 3247 , 270 , 1617 , 811 )
( cnx_slice3 , 0 , 0.091789 , 1 , 0 , 0 , 0 , 0 , 0 , 0 , 0 , 0 , 0 )
( cnx_filter1 , 1 , 0.091795 , 1 , 17000000 , 3235056 , 1623677 , 10500 , 6470 , 3247 , 270 , 1617 , 811 )
( cnx_filter2 , 0 , 0.100264 , 2 , 0 , 0 , 0 , 0 , 0 , 0 , 0 , 0 , 0 )
( cnx_out2 , 1 , 0.10027 , 2 , 10000 , 1200 , 500 , 100 , 120 , 50 , 10 , 12 , 5 )
( cnx_out2 , 0 , 0.100469 , 2 , 0 , 0 , 0 , 0 , 0 , 0 , 0 , 0 , 0 )
( cnx_filter1 , 0 , 0.11621 , 1 , 0 , 0 , 0 , 0 , 0 , 0 , 0 , 0 , 0 )
( cnx_out1 , 1 , 0.116217 , 1 , 10000 , 1200 , 500 , 100 , 120 , 50 , 10 , 12 , 5 )
( cnx_out1 , 0 , 0.116415 , 1 , 0 , 0 , 0 , 0 , 0 , 0 , 0 , 0 , 0 )
( cnx_filter3 , 1 , 0.11642 , 1 , 17000000 , 3235056 , 1623677 , 10500 , 6470 , 3247 , 270 , 1617 , 811 )
( cnx_filter3 , 0 , 0.140843 , 1 , 0 , 0 , 0 , 0 , 0 , 0 , 0 , 0 , 0 )
( cnx_out3 , 1 , 0.140849 , 1 , 10000 , 1200 , 500 , 100 , 120 , 50 , 10 , 12 , 5 )
( cnx_write_buffer , 1 , 0.141053 , 1 , 0 , 0 , 0 , 0 , 0 , 0 , 0 , 0 , 0 )
( cnx_write_buffer , 0 , 0.141065 , 1 , 0 , 0 , 0 , 0 , 0 , 0 , 0 , 0 , 0 )
( cnx_out3 , 0 , 0.141068 , 1 , 0 , 0 , 0 , 0 , 0 , 0 , 0 , 0 , 0 )
( cnx_main , 1 , 0.170669 , 1 , 10000 , 1200 , 500 , 100 , 120 , 50 , 10 , 12 , 5 )
( cnx_main , 0 , 0.17091 , 1 , 0 , 0 , 0 , 0 , 0 , 0 , 0 , 0 , 0 )
( cnx_slice1 , 1 , 0.170912 , 1 , 15039303 , 3235056 , 1623677 , 10500 , 6470 , 3247 , 270 , 1617 , 811 )
( cnx_slice2 , 1 , 0.170915 , 2 , 15039303 , 3235056 , 1623677 , 10500 , 6470 , 3247 , 270 , 1617 , 811 )
( cnx_slice1 , 0 , 0.193777 , 1 , 0 , 0 , 0 , 0 , 0 , 0 , 0 , 0 , 0 )
( cnx_slice3 , 1 , 0.19378 , 1 , 15039303 , 3235056 , 1623677 , 10500 , 6470 , 3247 , 270 , 1617 , 811 )
( cnx_slice2 , 0 , 0.197157 , 2 , 0 , 0 , 0 , 0 , 0 , 0 , 0 , 0 , 0 )
( cnx_filter2 , 1 , 0.197161 , 2 , 17000000 , 3235056 , 1623677 , 10500 , 6470 , 3247 , 270 , 1617 , 811 )
( cnx_slice3 , 0 , 0.216637 , 1 , 0 , 0 , 0 , 0 , 0 , 0 , 0 , 0 , 0 )
( cnx_filter1 , 1 , 0.21664 , 1 , 17000000 , 3235056 , 1623677 , 10500 , 6470 , 3247 , 270 , 1617 , 811 )
( cnx_filter2 , 0 , 0.225265 , 2 , 0 , 0 , 0 , 0 , 0 , 0 , 0 , 0 , 0 )
( cnx_out2 , 1 , 0.225269 , 2 , 10000 , 1200 , 500 , 100 , 120 , 50 , 10 , 12 , 5 )
( cnx_out2 , 0 , 0.225467 , 2 , 0 , 0 , 0 , 0 , 0 , 0 , 0 , 0 , 0 )
( cnx_filter1 , 0 , 0.241193 , 1 , 0 , 0 , 0 , 0 , 0 , 0 , 0 , 0 , 0 )
( cnx_out1 , 1 , 0.241197 , 1 , 10000 , 1200 , 500 , 100 , 120 , 50 , 10 , 12 , 5 )
( cnx_out1 , 0 , 0.241395 , 1 , 0 , 0 , 0 , 0 , 0 , 0 , 0 , 0 , 0 )
( cnx_filter3 , 1 , 0.241397 , 1 , 17000000 , 3235056 , 1623677 , 10500 , 6470 , 3247 , 270 , 1617 , 811 )
( cnx_filter3 , 0 , 0.26585 , 1 , 0 , 0 , 0 , 0 , 0 , 0 , 0 , 0 , 0 )
( cnx_out3 , 1 , 0.265854 , 1 , 10000 , 1200 , 500 , 100 , 120 , 50 , 10 , 12 , 5 )
( cnx_write_buffer , 1 , 0.266054 , 1 , 0 , 0 , 0 , 0 , 0 , 0 , 0 , 0 , 0 )
( cnx_write_buffer , 0 , 0.266065 , 1 , 0 , 0 , 0 , 0 , 0 , 0 , 0 , 0 , 0 )
( cnx_out3 , 0 , 0.266067 , 1 , 0 , 0 , 0 , 0 , 0 , 0 , 0 , 0 , 0 )
( cnx_main , 1 , 0.295669 , 1 , 10000 , 1200 , 500 , 100 , 120 , 50 , 10 , 12 , 5 )
( cnx_main , 0 , 0.29591 , 1 , 0 , 0 , 0 , 0 , 0 , 0 , 0 , 0 , 0 )
( cnx_slice1 , 1 , 0.295913 , 1 , 15039303 , 3235056 , 1623677 , 10500 , 6470 , 3247 , 270 , 1617 , 811 )
( cnx_slice2 , 1 , 0.295915 , 2 , 15039303 , 3235056 , 1623677 , 10500 , 6470 , 3247 , 270 , 1617 , 811 )
( cnx_slice1 , 0 , 0.31887 , 1 , 0 , 0 , 0 , 0 , 0 , 0 , 0 , 0 , 0 )
( cnx_slice3 , 1 , 0.318874 , 1 , 15039303 , 3235056 , 1623677 , 10500 , 6470 , 3247 , 270 , 1617 , 811 )
( cnx_slice2 , 0 , 0.322077 , 2 , 0 , 0 , 0 , 0 , 0 , 0 , 0 , 0 , 0 )
( cnx_filter2 , 1 , 0.322081 , 2 , 17000000 , 3235056 , 1623677 , 10500 , 6470 , 3247 , 270 , 1617 , 811 )
( cnx_slice3 , 0 , 0.341728 , 1 , 0 , 0 , 0 , 0 , 0 , 0 , 0 , 0 , 0 )
( cnx_filter1 , 1 , 0.341731 , 1 , 17000000 , 3235056 , 1623677 , 10500 , 6470 , 3247 , 270 , 1617 , 811 )
( cnx_filter2 , 0 , 0.350278 , 2 , 0 , 0 , 0 , 0 , 0 , 0 , 0 , 0 , 0 )
( cnx_out2 , 1 , 0.350281 , 2 , 10000 , 1200 , 500 , 100 , 120 , 50 , 10 , 12 , 5 )
( cnx_out2 , 0 , 0.350479 , 2 , 0 , 0 , 0 , 0 , 0 , 0 , 0 , 0 , 0 )
( cnx_filter1 , 0 , 0.366143 , 1 , 0 , 0 , 0 , 0 , 0 , 0 , 0 , 0 , 0 )
( cnx_out1 , 1 , 0.366146 , 1 , 10000 , 1200 , 500 , 100 , 120 , 50 , 10 , 12 , 5 )
( cnx_out1 , 0 , 0.366344 , 1 , 0 , 0 , 0 , 0 , 0 , 0 , 0 , 0 , 0 )
( cnx_filter3 , 1 , 0.366346 , 1 , 17000000 , 3235056 , 1623677 , 10500 , 6470 , 3247 , 270 , 1617 , 811 )
( cnx_filter3 , 0 , 0.390828 , 1 , 0 , 0 , 0 , 0 , 0 , 0 , 0 , 0 , 0 )
( cnx_out3 , 1 , 0.390831 , 1 , 10000 , 1200 , 500 , 100 , 120 , 50 , 10 , 12 , 5 )
( cnx_write_buffer , 1 , 0.391031 , 1 , 0 , 0 , 0 , 0 , 0 , 0 , 0 , 0 , 0 )
( cnx_write_buffer , 0 , 0.391042 , 1 , 0 , 0 , 0 , 0 , 0 , 0 , 0 , 0 , 0 )
( cnx_out3 , 0 , 0.391044 , 1 , 0 , 0 , 0 , 0 , 0 , 0 , 0 , 0 , 0 )
( cnx_main , 1 , 0.420664 , 1 , 10000 , 1200 , 500 , 100 , 120 , 50 , 10 , 12 , 5 )
( cnx_main , 0 , 0.420904 , 1 , 0 , 0 , 0 , 0 , 0 , 0 , 0 , 0 , 0 )
( cnx_slice1 , 1 , 0.420906 , 1 , 12000000 , 3035056 , 1323677 , 10000 , 6000 , 3000 , 260 , 1500 , 800 )
( cnx_slice2 , 1 , 0.420909 , 2 , 12000000 , 3035056 , 1323677 , 10000 , 6000 , 3000 , 260 , 1500 , 800 )
( cnx_slice1 , 0 , 0.44028 , 1 , 0 , 0 , 0 , 0 , 0 , 0 , 0 , 0 , 0 )
( cnx_slice3 , 1 , 0.440283 , 1 , 12000000 , 3035056 , 1323677 , 10000 , 6000 , 3000 , 260 , 1500 , 800 )
( cnx_slice2 , 0 , 0.442948 , 2 , 0 , 0 , 0 , 0 , 0 , 0 , 0 , 0 , 0 )
( cnx_filter2 , 1 , 0.442952 , 2 , 17000000 , 3235056 , 1623677 , 10500 , 6470 , 3247 , 270 , 1617 , 811 )
( cnx_slice3 , 0 , 0.459666 , 1 , 0 , 0 , 0 , 0 , 0 , 0 , 0 , 0 , 0 )
( cnx_filter1 , 1 , 0.45967 , 1 , 17000000 , 3235056 , 1623677 , 10500 , 6470 , 3247 , 270 , 1617 , 811 )
( cnx_filter2 , 0 , 0.47118 , 2 , 0 , 0 , 0 , 0 , 0 , 0 , 0 , 0 , 0 )
( cnx_out2 , 1 , 0.471187 , 2 , 10000 , 1200 , 500 , 100 , 120 , 50 , 10 , 12 , 5 )
( cnx_out2 , 0 , 0.471385 , 2 , 0 , 0 , 0 , 0 , 0 , 0 , 0 , 0 , 0 )
( cnx_filter1 , 0 , 0.484076 , 1 , 0 , 0 , 0 , 0 , 0 , 0 , 0 , 0 , 0 )
( cnx_out1 , 1 , 0.484082 , 1 , 10000 , 1200 , 500 , 100 , 120 , 50 , 10 , 12 , 5 )
( cnx_out1 , 0 , 0.48428 , 1 , 0 , 0 , 0 , 0 , 0 , 0 , 0 , 0 , 0 )
( cnx_filter3 , 1 , 0.484283 , 1 , 17000000 , 3235056 , 1623677 , 10500 , 6470 , 3247 , 270 , 1617 , 811 )
( cnx_filter3 , 0 , 0.508673 , 1 , 0 , 0 , 0 , 0 , 0 , 0 , 0 , 0 , 0 )
( cnx_out3 , 1 , 0.508676 , 1 , 10000 , 1200 , 500 , 100 , 120 , 50 , 10 , 12 , 5 )
( cnx_write_buffer , 1 , 0.508876 , 1 , 0 , 0 , 0 , 0 , 0 , 0 , 0 , 0 , 0 )
( cnx_write_buffer , 0 , 0.508887 , 1 , 0 , 0 , 0 , 0 , 0 , 0 , 0 , 0 , 0 )
( cnx_out3 , 0 , 0.508889 , 1 , 0 , 0 , 0 , 0 , 0 , 0 , 0 , 0 , 0 )
( cnx_main , 1 , 0.545674 , 1 , 10000 , 1200 , 500 , 100 , 120 , 50 , 10 , 12 , 5 )
( cnx_main , 0 , 0.54588 , 1 , 0 , 0 , 0 , 0 , 0 , 0 , 0 , 0 , 0 )
( cnx_slice1 , 1 , 0.545883 , 1 , 15039303 , 3235056 , 1623677 , 10500 , 6470 , 3247 , 270 , 1617 , 811 )
( cnx_slice2 , 1 , 0.545886 , 2 , 15039303 , 3235056 , 1623677 , 10500 , 6470 , 3247 , 270 , 1617 , 811 )
( cnx_slice1 , 0 , 0.568729 , 1 , 0 , 0 , 0 , 0 , 0 , 0 , 0 , 0 , 0 )
( cnx_slice3 , 1 , 0.568733 , 1 , 15039303 , 3235056 , 1623677 , 10500 , 6470 , 3247 , 270 , 1617 , 811 )
( cnx_slice2 , 0 , 0.572093 , 2 , 0 , 0 , 0 , 0 , 0 , 0 , 0 , 0 , 0 )
( cnx_filter2 , 1 , 0.572097 , 2 , 17000000 , 3235056 , 1623677 , 10500 , 6470 , 3247 , 270 , 1617 , 811 )
( cnx_slice3 , 0 , 0.591655 , 1 , 0 , 0 , 0 , 0 , 0 , 0 , 0 , 0 , 0 )
( cnx_filter1 , 1 , 0.591659 , 1 , 17000000 , 3235056 , 1623677 , 10500 , 6470 , 3247 , 270 , 1617 , 811 )
( cnx_filter2 , 0 , 0.600179 , 2 , 0 , 0 , 0 , 0 , 0 , 0 , 0 , 0 , 0 )
( cnx_out2 , 1 , 0.600182 , 2 , 10000 , 1200 , 500 , 100 , 120 , 50 , 10 , 12 , 5 )
( cnx_out2 , 0 , 0.60038 , 2 , 0 , 0 , 0 , 0 , 0 , 0 , 0 , 0 , 0 )
( cnx_filter1 , 0 , 0.616059 , 1 , 0 , 0 , 0 , 0 , 0 , 0 , 0 , 0 , 0 )
( cnx_out1 , 1 , 0.616062 , 1 , 10000 , 1200 , 500 , 100 , 120 , 50 , 10 , 12 , 5 )
( cnx_out1 , 0 , 0.61626 , 1 , 0 , 0 , 0 , 0 , 0 , 0 , 0 , 0 , 0 )
( cnx_filter3 , 1 , 0.616263 , 1 , 17000000 , 3235056 , 1623677 , 10500 , 6470 , 3247 , 270 , 1617 , 811 )
( cnx_filter3 , 0 , 0.640661 , 1 , 0 , 0 , 0 , 0 , 0 , 0 , 0 , 0 , 0 )
( cnx_out3 , 1 , 0.640664 , 1 , 10000 , 1200 , 500 , 100 , 120 , 50 , 10 , 12 , 5 )
( cnx_write_buffer , 1 , 0.640863 , 1 , 0 , 0 , 0 , 0 , 0 , 0 , 0 , 0 , 0 )
( cnx_write_buffer , 0 , 0.640875 , 1 , 0 , 0 , 0 , 0 , 0 , 0 , 0 , 0 , 0 )
( cnx_out3 , 0 , 0.640876 , 1 , 0 , 0 , 0 , 0 , 0 , 0 , 0 , 0 , 0 )
( cnx_main , 1 , 0.670672 , 1 , 10000 , 1200 , 500 , 100 , 120 , 50 , 10 , 12 , 5 )
( cnx_main , 0 , 0.670879 , 1 , 0 , 0 , 0 , 0 , 0 , 0 , 0 , 0 , 0 )
( cnx_slice1 , 1 , 0.670881 , 1 , 15039303 , 3235056 , 1623677 , 10500 , 6470 , 3247 , 270 , 1617 , 811 )
( cnx_slice2 , 1 , 0.670884 , 2 , 15039303 , 3235056 , 1623677 , 10500 , 6470 , 3247 , 270 , 1617 , 811 )
( cnx_slice1 , 0 , 0.693729 , 1 , 0 , 0 , 0 , 0 , 0 , 0 , 0 , 0 , 0 )
( cnx_slice3 , 1 , 0.693732 , 1 , 15039303 , 3235056 , 1623677 , 10500 , 6470 , 3247 , 270 , 1617 , 811 )
( cnx_slice2 , 0 , 0.697028 , 2 , 0 , 0 , 0 , 0 , 0 , 0 , 0 , 0 , 0 )
( cnx_filter2 , 1 , 0.697032 , 2 , 17000000 , 3235056 , 1623677 , 10500 , 6470 , 3247 , 270 , 1617 , 811 )
( cnx_slice3 , 0 , 0.716587 , 1 , 0 , 0 , 0 , 0 , 0 , 0 , 0 , 0 , 0 )
( cnx_filter1 , 1 , 0.716591 , 1 , 17000000 , 3235056 , 1623677 , 10500 , 6470 , 3247 , 270 , 1617 , 811 )
( cnx_filter2 , 0 , 0.725135 , 2 , 0 , 0 , 0 , 0 , 0 , 0 , 0 , 0 , 0 )
( cnx_out2 , 1 , 0.725138 , 2 , 10000 , 1200 , 500 , 100 , 120 , 50 , 10 , 12 , 5 )
( cnx_out2 , 0 , 0.725336 , 2 , 0 , 0 , 0 , 0 , 0 , 0 , 0 , 0 , 0 )
( cnx_filter1 , 0 , 0.741114 , 1 , 0 , 0 , 0 , 0 , 0 , 0 , 0 , 0 , 0 )
( cnx_out1 , 1 , 0.741118 , 1 , 10000 , 1200 , 500 , 100 , 120 , 50 , 10 , 12 , 5 )
( cnx_out1 , 0 , 0.741316 , 1 , 0 , 0 , 0 , 0 , 0 , 0 , 0 , 0 , 0 )
( cnx_filter3 , 1 , 0.741319 , 1 , 17000000 , 3235056 , 1623677 , 10500 , 6470 , 3247 , 270 , 1617 , 811 )
( cnx_filter3 , 0 , 0.765726 , 1 , 0 , 0 , 0 , 0 , 0 , 0 , 0 , 0 , 0 )
( cnx_out3 , 1 , 0.765729 , 1 , 10000 , 1200 , 500 , 100 , 120 , 50 , 10 , 12 , 5 )
( cnx_write_buffer , 1 , 0.765929 , 1 , 0 , 0 , 0 , 0 , 0 , 0 , 0 , 0 , 0 )
( cnx_write_buffer , 0 , 0.76594 , 1 , 0 , 0 , 0 , 0 , 0 , 0 , 0 , 0 , 0 )
( cnx_out3 , 0 , 0.765942 , 1 , 0 , 0 , 0 , 0 , 0 , 0 , 0 , 0 , 0 )
( cnx_main , 1 , 0.795678 , 1 , 10000 , 1200 , 500 , 100 , 120 , 50 , 10 , 12 , 5 )
( cnx_main , 0 , 0.795882 , 1 , 0 , 0 , 0 , 0 , 0 , 0 , 0 , 0 , 0 )
( cnx_slice1 , 1 , 0.795885 , 1 , 15039303 , 3235056 , 1623677 , 10500 , 6470 , 3247 , 270 , 1617 , 811 )
( cnx_slice2 , 1 , 0.795887 , 2 , 15039303 , 3235056 , 1623677 , 10500 , 6470 , 3247 , 270 , 1617 , 811 )
( cnx_slice1 , 0 , 0.818845 , 1 , 0 , 0 , 0 , 0 , 0 , 0 , 0 , 0 , 0 )
( cnx_slice3 , 1 , 0.818849 , 1 , 15039303 , 3235056 , 1623677 , 10500 , 6470 , 3247 , 270 , 1617 , 811 )
( cnx_slice2 , 0 , 0.822083 , 2 , 0 , 0 , 0 , 0 , 0 , 0 , 0 , 0 , 0 )
( cnx_filter2 , 1 , 0.822088 , 2 , 17000000 , 3235056 , 1623677 , 10500 , 6470 , 3247 , 270 , 1617 , 811 )
( cnx_slice3 , 0 , 0.841718 , 1 , 0 , 0 , 0 , 0 , 0 , 0 , 0 , 0 , 0 )
( cnx_filter1 , 1 , 0.841722 , 1 , 17000000 , 3235056 , 1623677 , 10500 , 6470 , 3247 , 270 , 1617 , 811 )
( cnx_filter2 , 0 , 0.85032 , 2 , 0 , 0 , 0 , 0 , 0 , 0 , 0 , 0 , 0 )
( cnx_out2 , 1 , 0.850326 , 2 , 10000 , 1200 , 500 , 100 , 120 , 50 , 10 , 12 , 5 )
( cnx_out2 , 0 , 0.850525 , 2 , 0 , 0 , 0 , 0 , 0 , 0 , 0 , 0 , 0 )
( cnx_filter1 , 0 , 0.866132 , 1 , 0 , 0 , 0 , 0 , 0 , 0 , 0 , 0 , 0 )
( cnx_out1 , 1 , 0.866135 , 1 , 10000 , 1200 , 500 , 100 , 120 , 50 , 10 , 12 , 5 )
( cnx_out1 , 0 , 0.866333 , 1 , 0 , 0 , 0 , 0 , 0 , 0 , 0 , 0 , 0 )
( cnx_filter3 , 1 , 0.866336 , 1 , 17000000 , 3235056 , 1623677 , 10500 , 6470 , 3247 , 270 , 1617 , 811 )
( cnx_filter3 , 0 , 0.890822 , 1 , 0 , 0 , 0 , 0 , 0 , 0 , 0 , 0 , 0 )
( cnx_out3 , 1 , 0.890826 , 1 , 10000 , 1200 , 500 , 100 , 120 , 50 , 10 , 12 , 5 )
( cnx_write_buffer , 1 , 0.891026 , 1 , 0 , 0 , 0 , 0 , 0 , 0 , 0 , 0 , 0 )
( cnx_write_buffer , 0 , 0.891038 , 1 , 0 , 0 , 0 , 0 , 0 , 0 , 0 , 0 , 0 )
( cnx_out3 , 0 , 0.891039 , 1 , 0 , 0 , 0 , 0 , 0 , 0 , 0 , 0 , 0 )
( cnx_main , 1 , 0.920673 , 1 , 10000 , 1200 , 500 , 100 , 120 , 50 , 10 , 12 , 5 )
( cnx_main , 0 , 0.920912 , 1 , 0 , 0 , 0 , 0 , 0 , 0 , 0 , 0 , 0 )
( cnx_slice1 , 1 , 0.920916 , 1 , 12000000 , 3035056 , 1323677 , 10000 , 6000 , 3000 , 260 , 1500 , 800 )
( cnx_slice2 , 1 , 0.920919 , 2 , 12000000 , 3035056 , 1323677 , 10000 , 6000 , 3000 , 260 , 1500 , 800 )
( cnx_slice1 , 0 , 0.940311 , 1 , 0 , 0 , 0 , 0 , 0 , 0 , 0 , 0 , 0 )
( cnx_slice3 , 1 , 0.940314 , 1 , 12000000 , 3035056 , 1323677 , 10000 , 6000 , 3000 , 260 , 1500 , 800 )
( cnx_slice2 , 0 , 0.94296 , 2 , 0 , 0 , 0 , 0 , 0 , 0 , 0 , 0 , 0 )
( cnx_filter2 , 1 , 0.942964 , 2 , 17000000 , 3235056 , 1623677 , 10500 , 6470 , 3247 , 270 , 1617 , 811 )
( cnx_slice3 , 0 , 0.959767 , 1 , 0 , 0 , 0 , 0 , 0 , 0 , 0 , 0 , 0 )
( cnx_filter1 , 1 , 0.95977 , 1 , 17000000 , 3235056 , 1623677 , 10500 , 6470 , 3247 , 270 , 1617 , 811 )
( cnx_filter2 , 0 , 0.971067 , 2 , 0 , 0 , 0 , 0 , 0 , 0 , 0 , 0 , 0 )
( cnx_out2 , 1 , 0.97107 , 2 , 10000 , 1200 , 500 , 100 , 120 , 50 , 10 , 12 , 5 )
( cnx_out2 , 0 , 0.971268 , 2 , 0 , 0 , 0 , 0 , 0 , 0 , 0 , 0 , 0 )
( cnx_filter1 , 0 , 0.984185 , 1 , 0 , 0 , 0 , 0 , 0 , 0 , 0 , 0 , 0 )
( cnx_out1 , 1 , 0.984188 , 1 , 10000 , 1200 , 500 , 100 , 120 , 50 , 10 , 12 , 5 )
( cnx_out1 , 0 , 0.984386 , 1 , 0 , 0 , 0 , 0 , 0 , 0 , 0 , 0 , 0 )
( cnx_filter3 , 1 , 0.984389 , 1 , 17000000 , 3235056 , 1623677 , 10500 , 6470 , 3247 , 270 , 1617 , 811 )
( cnx_filter3 , 0 , 1.0088 , 1 , 0 , 0 , 0 , 0 , 0 , 0 , 0 , 0 , 0 )
( cnx_out3 , 1 , 1.0088 , 1 , 10000 , 1200 , 500 , 100 , 120 , 50 , 10 , 12 , 5 )
( cnx_write_buffer , 1 , 1.009 , 1 , 0 , 0 , 0 , 0 , 0 , 0 , 0 , 0 , 0 )
( cnx_write_buffer , 0 , 1.00902 , 1 , 0 , 0 , 0 , 0 , 0 , 0 , 0 , 0 , 0 )
( cnx_out3 , 0 , 1.00902 , 1 , 0 , 0 , 0 , 0 , 0 , 0 , 0 , 0 , 0 )
( cnx_main , 1 , 1.04567 , 1 , 10000 , 1200 , 500 , 100 , 120 , 50 , 10 , 12 , 5 )
( cnx_main , 0 , 1.04591 , 1 , 0 , 0 , 0 , 0 , 0 , 0 , 0 , 0 , 0 )
( cnx_slice1 , 1 , 1.04591 , 1 , 15039303 , 3235056 , 1623677 , 10500 , 6470 , 3247 , 270 , 1617 , 811 )
( cnx_slice2 , 1 , 1.04591 , 2 , 15039303 , 3235056 , 1623677 , 10500 , 6470 , 3247 , 270 , 1617 , 811 )
( cnx_slice1 , 0 , 1.06879 , 1 , 0 , 0 , 0 , 0 , 0 , 0 , 0 , 0 , 0 )
( cnx_slice3 , 1 , 1.06879 , 1 , 15039303 , 3235056 , 1623677 , 10500 , 6470 , 3247 , 270 , 1617 , 811 )
( cnx_slice2 , 0 , 1.07208 , 2 , 0 , 0 , 0 , 0 , 0 , 0 , 0 , 0 , 0 )
( cnx_filter2 , 1 , 1.07209 , 2 , 17000000 , 3235056 , 1623677 , 10500 , 6470 , 3247 , 270 , 1617 , 811 )
( cnx_slice3 , 0 , 1.09166 , 1 , 0 , 0 , 0 , 0 , 0 , 0 , 0 , 0 , 0 )
( cnx_filter1 , 1 , 1.09166 , 1 , 17000000 , 3235056 , 1623677 , 10500 , 6470 , 3247 , 270 , 1617 , 811 )
( cnx_filter2 , 0 , 1.10028 , 2 , 0 , 0 , 0 , 0 , 0 , 0 , 0 , 0 , 0 )
( cnx_out2 , 1 , 1.10028 , 2 , 10000 , 1200 , 500 , 100 , 120 , 50 , 10 , 12 , 5 )
( cnx_out2 , 0 , 1.10048 , 2 , 0 , 0 , 0 , 0 , 0 , 0 , 0 , 0 , 0 )
( cnx_filter1 , 0 , 1.11607 , 1 , 0 , 0 , 0 , 0 , 0 , 0 , 0 , 0 , 0 )
( cnx_out1 , 1 , 1.11607 , 1 , 10000 , 1200 , 500 , 100 , 120 , 50 , 10 , 12 , 5 )
( cnx_out1 , 0 , 1.11627 , 1 , 0 , 0 , 0 , 0 , 0 , 0 , 0 , 0 , 0 )
( cnx_filter3 , 1 , 1.11627 , 1 , 17000000 , 3235056 , 1623677 , 10500 , 6470 , 3247 , 270 , 1617 , 811 )
( cnx_filter3 , 0 , 1.14076 , 1 , 0 , 0 , 0 , 0 , 0 , 0 , 0 , 0 , 0 )
( cnx_out3 , 1 , 1.14076 , 1 , 10000 , 1200 , 500 , 100 , 120 , 50 , 10 , 12 , 5 )
( cnx_write_buffer , 1 , 1.14096 , 1 , 0 , 0 , 0 , 0 , 0 , 0 , 0 , 0 , 0 )
( cnx_write_buffer , 0 , 1.14097 , 1 , 0 , 0 , 0 , 0 , 0 , 0 , 0 , 0 , 0 )
( cnx_out3 , 0 , 1.14097 , 1 , 0 , 0 , 0 , 0 , 0 , 0 , 0 , 0 , 0 )
( cnx_main , 1 , 1.17067 , 1 , 10000 , 1200 , 500 , 100 , 120 , 50 , 10 , 12 , 5 )
( cnx_main , 0 , 1.1709 , 1 , 0 , 0 , 0 , 0 , 0 , 0 , 0 , 0 , 0 )
( cnx_slice1 , 1 , 1.17091 , 1 , 15039303 , 3235056 , 1623677 , 10500 , 6470 , 3247 , 270 , 1617 , 811 )
( cnx_slice2 , 1 , 1.17091 , 2 , 15039303 , 3235056 , 1623677 , 10500 , 6470 , 3247 , 270 , 1617 , 811 )
( cnx_slice1 , 0 , 1.19376 , 1 , 0 , 0 , 0 , 0 , 0 , 0 , 0 , 0 , 0 )
( cnx_slice3 , 1 , 1.19376 , 1 , 15039303 , 3235056 , 1623677 , 10500 , 6470 , 3247 , 270 , 1617 , 811 )
( cnx_slice2 , 0 , 1.19706 , 2 , 0 , 0 , 0 , 0 , 0 , 0 , 0 , 0 , 0 )
( cnx_filter2 , 1 , 1.19706 , 2 , 17000000 , 3235056 , 1623677 , 10500 , 6470 , 3247 , 270 , 1617 , 811 )
( cnx_slice3 , 0 , 1.21663 , 1 , 0 , 0 , 0 , 0 , 0 , 0 , 0 , 0 , 0 )
( cnx_filter1 , 1 , 1.21663 , 1 , 17000000 , 3235056 , 1623677 , 10500 , 6470 , 3247 , 270 , 1617 , 811 )
( cnx_filter2 , 0 , 1.22517 , 2 , 0 , 0 , 0 , 0 , 0 , 0 , 0 , 0 , 0 )
( cnx_out2 , 1 , 1.22517 , 2 , 10000 , 1200 , 500 , 100 , 120 , 50 , 10 , 12 , 5 )
( cnx_out2 , 0 , 1.22537 , 2 , 0 , 0 , 0 , 0 , 0 , 0 , 0 , 0 , 0 )
( cnx_filter1 , 0 , 1.24111 , 1 , 0 , 0 , 0 , 0 , 0 , 0 , 0 , 0 , 0 )
( cnx_out1 , 1 , 1.24111 , 1 , 10000 , 1200 , 500 , 100 , 120 , 50 , 10 , 12 , 5 )
( cnx_out1 , 0 , 1.24131 , 1 , 0 , 0 , 0 , 0 , 0 , 0 , 0 , 0 , 0 )
( cnx_filter3 , 1 , 1.24131 , 1 , 17000000 , 3235056 , 1623677 , 10500 , 6470 , 3247 , 270 , 1617 , 811 )
( cnx_filter3 , 0 , 1.26579 , 1 , 0 , 0 , 0 , 0 , 0 , 0 , 0 , 0 , 0 )
( cnx_out3 , 1 , 1.26579 , 1 , 10000 , 1200 , 500 , 100 , 120 , 50 , 10 , 12 , 5 )
( cnx_write_buffer , 1 , 1.26599 , 1 , 0 , 0 , 0 , 0 , 0 , 0 , 0 , 0 , 0 )
( cnx_write_buffer , 0 , 1.266 , 1 , 0 , 0 , 0 , 0 , 0 , 0 , 0 , 0 , 0 )
( cnx_out3 , 0 , 1.266 , 1 , 0 , 0 , 0 , 0 , 0 , 0 , 0 , 0 , 0 )
( cnx_main , 1 , 1.29567 , 1 , 10000 , 1200 , 500 , 100 , 120 , 50 , 10 , 12 , 5 )
( cnx_main , 0 , 1.29591 , 1 , 0 , 0 , 0 , 0 , 0 , 0 , 0 , 0 , 0 )
( cnx_slice1 , 1 , 1.29591 , 1 , 15039303 , 3235056 , 1623677 , 10500 , 6470 , 3247 , 270 , 1617 , 811 )
( cnx_slice2 , 1 , 1.29592 , 2 , 15039303 , 3235056 , 1623677 , 10500 , 6470 , 3247 , 270 , 1617 , 811 )
( cnx_slice1 , 0 , 1.31887 , 1 , 0 , 0 , 0 , 0 , 0 , 0 , 0 , 0 , 0 )
( cnx_slice3 , 1 , 1.31887 , 1 , 15039303 , 3235056 , 1623677 , 10500 , 6470 , 3247 , 270 , 1617 , 811 )
( cnx_slice2 , 0 , 1.32208 , 2 , 0 , 0 , 0 , 0 , 0 , 0 , 0 , 0 , 0 )
( cnx_filter2 , 1 , 1.32209 , 2 , 17000000 , 3235056 , 1623677 , 10500 , 6470 , 3247 , 270 , 1617 , 811 )
( cnx_slice3 , 0 , 1.34173 , 1 , 0 , 0 , 0 , 0 , 0 , 0 , 0 , 0 , 0 )
( cnx_filter1 , 1 , 1.34173 , 1 , 17000000 , 3235056 , 1623677 , 10500 , 6470 , 3247 , 270 , 1617 , 811 )
( cnx_filter2 , 0 , 1.35028 , 2 , 0 , 0 , 0 , 0 , 0 , 0 , 0 , 0 , 0 )
( cnx_out2 , 1 , 1.35029 , 2 , 10000 , 1200 , 500 , 100 , 120 , 50 , 10 , 12 , 5 )
( cnx_out2 , 0 , 1.35048 , 2 , 0 , 0 , 0 , 0 , 0 , 0 , 0 , 0 , 0 )
( cnx_filter1 , 0 , 1.36614 , 1 , 0 , 0 , 0 , 0 , 0 , 0 , 0 , 0 , 0 )
( cnx_out1 , 1 , 1.36615 , 1 , 10000 , 1200 , 500 , 100 , 120 , 50 , 10 , 12 , 5 )
( cnx_out1 , 0 , 1.36634 , 1 , 0 , 0 , 0 , 0 , 0 , 0 , 0 , 0 , 0 )
( cnx_filter3 , 1 , 1.36635 , 1 , 17000000 , 3235056 , 1623677 , 10500 , 6470 , 3247 , 270 , 1617 , 811 )
( cnx_filter3 , 0 , 1.39076 , 1 , 0 , 0 , 0 , 0 , 0 , 0 , 0 , 0 , 0 )
( cnx_out3 , 1 , 1.39076 , 1 , 10000 , 1200 , 500 , 100 , 120 , 50 , 10 , 12 , 5 )
( cnx_write_buffer , 1 , 1.39096 , 1 , 0 , 0 , 0 , 0 , 0 , 0 , 0 , 0 , 0 )
( cnx_write_buffer , 0 , 1.39097 , 1 , 0 , 0 , 0 , 0 , 0 , 0 , 0 , 0 , 0 )
( cnx_out3 , 0 , 1.39098 , 1 , 0 , 0 , 0 , 0 , 0 , 0 , 0 , 0 , 0 )
( cnx_main , 1 , 1.42066 , 1 , 10000 , 1200 , 500 , 100 , 120 , 50 , 10 , 12 , 5 )
( cnx_main , 0 , 1.4209 , 1 , 0 , 0 , 0 , 0 , 0 , 0 , 0 , 0 , 0 )
( cnx_slice1 , 1 , 1.42091 , 1 , 12000000 , 3035056 , 1323677 , 10000 , 6000 , 3000 , 260 , 1500 , 800 )
( cnx_slice2 , 1 , 1.42091 , 2 , 12000000 , 3035056 , 1323677 , 10000 , 6000 , 3000 , 260 , 1500 , 800 )
( cnx_slice1 , 0 , 1.44035 , 1 , 0 , 0 , 0 , 0 , 0 , 0 , 0 , 0 , 0 )
( cnx_slice3 , 1 , 1.44035 , 1 , 12000000 , 3035056 , 1323677 , 10000 , 6000 , 3000 , 260 , 1500 , 800 )
( cnx_slice2 , 0 , 1.44294 , 2 , 0 , 0 , 0 , 0 , 0 , 0 , 0 , 0 , 0 )
( cnx_filter2 , 1 , 1.44295 , 2 , 17000000 , 3235056 , 1623677 , 10500 , 6470 , 3247 , 270 , 1617 , 811 )
( cnx_slice3 , 0 , 1.45973 , 1 , 0 , 0 , 0 , 0 , 0 , 0 , 0 , 0 , 0 )
( cnx_filter1 , 1 , 1.45973 , 1 , 17000000 , 3235056 , 1623677 , 10500 , 6470 , 3247 , 270 , 1617 , 811 )
( cnx_filter2 , 0 , 1.47105 , 2 , 0 , 0 , 0 , 0 , 0 , 0 , 0 , 0 , 0 )
( cnx_out2 , 1 , 1.47105 , 2 , 10000 , 1200 , 500 , 100 , 120 , 50 , 10 , 12 , 5 )
( cnx_out2 , 0 , 1.47125 , 2 , 0 , 0 , 0 , 0 , 0 , 0 , 0 , 0 , 0 )
( cnx_filter1 , 0 , 1.48413 , 1 , 0 , 0 , 0 , 0 , 0 , 0 , 0 , 0 , 0 )
( cnx_out1 , 1 , 1.48413 , 1 , 10000 , 1200 , 500 , 100 , 120 , 50 , 10 , 12 , 5 )
( cnx_out1 , 0 , 1.48433 , 1 , 0 , 0 , 0 , 0 , 0 , 0 , 0 , 0 , 0 )
( cnx_filter3 , 1 , 1.48433 , 1 , 17000000 , 3235056 , 1623677 , 10500 , 6470 , 3247 , 270 , 1617 , 811 )
( cnx_filter3 , 0 , 1.50873 , 1 , 0 , 0 , 0 , 0 , 0 , 0 , 0 , 0 , 0 )
( cnx_out3 , 1 , 1.50873 , 1 , 10000 , 1200 , 500 , 100 , 120 , 50 , 10 , 12 , 5 )
( cnx_write_buffer , 1 , 1.50893 , 1 , 0 , 0 , 0 , 0 , 0 , 0 , 0 , 0 , 0 )
( cnx_write_buffer , 0 , 1.50894 , 1 , 0 , 0 , 0 , 0 , 0 , 0 , 0 , 0 , 0 )
( cnx_out3 , 0 , 1.50895 , 1 , 0 , 0 , 0 , 0 , 0 , 0 , 0 , 0 , 0 )
( cnx_main , 1 , 1.54567 , 1 , 10000 , 1200 , 500 , 100 , 120 , 50 , 10 , 12 , 5 )
( cnx_main , 0 , 1.5459 , 1 , 0 , 0 , 0 , 0 , 0 , 0 , 0 , 0 , 0 )
( cnx_slice1 , 1 , 1.54591 , 1 , 15039303 , 3235056 , 1623677 , 10500 , 6470 , 3247 , 270 , 1617 , 811 )
( cnx_slice2 , 1 , 1.54591 , 2 , 15039303 , 3235056 , 1623677 , 10500 , 6470 , 3247 , 270 , 1617 , 811 )
( cnx_slice1 , 0 , 1.56876 , 1 , 0 , 0 , 0 , 0 , 0 , 0 , 0 , 0 , 0 )
( cnx_slice3 , 1 , 1.56876 , 1 , 15039303 , 3235056 , 1623677 , 10500 , 6470 , 3247 , 270 , 1617 , 811 )
( cnx_slice2 , 0 , 1.57213 , 2 , 0 , 0 , 0 , 0 , 0 , 0 , 0 , 0 , 0 )
( cnx_filter2 , 1 , 1.57213 , 2 , 17000000 , 3235056 , 1623677 , 10500 , 6470 , 3247 , 270 , 1617 , 811 )
( cnx_slice3 , 0 , 1.59169 , 1 , 0 , 0 , 0 , 0 , 0 , 0 , 0 , 0 , 0 )
( cnx_filter1 , 1 , 1.59169 , 1 , 17000000 , 3235056 , 1623677 , 10500 , 6470 , 3247 , 270 , 1617 , 811 )
( cnx_filter2 , 0 , 1.60023 , 2 , 0 , 0 , 0 , 0 , 0 , 0 , 0 , 0 , 0 )
( cnx_out2 , 1 , 1.60023 , 2 , 10000 , 1200 , 500 , 100 , 120 , 50 , 10 , 12 , 5 )
( cnx_out2 , 0 , 1.60043 , 2 , 0 , 0 , 0 , 0 , 0 , 0 , 0 , 0 , 0 )
( cnx_filter1 , 0 , 1.6161 , 1 , 0 , 0 , 0 , 0 , 0 , 0 , 0 , 0 , 0 )
( cnx_out1 , 1 , 1.6161 , 1 , 10000 , 1200 , 500 , 100 , 120 , 50 , 10 , 12 , 5 )
( cnx_out1 , 0 , 1.6163 , 1 , 0 , 0 , 0 , 0 , 0 , 0 , 0 , 0 , 0 )
( cnx_filter3 , 1 , 1.6163 , 1 , 17000000 , 3235056 , 1623677 , 10500 , 6470 , 3247 , 270 , 1617 , 811 )
( cnx_filter3 , 0 , 1.64071 , 1 , 0 , 0 , 0 , 0 , 0 , 0 , 0 , 0 , 0 )
( cnx_out3 , 1 , 1.64071 , 1 , 10000 , 1200 , 500 , 100 , 120 , 50 , 10 , 12 , 5 )
( cnx_write_buffer , 1 , 1.64091 , 1 , 0 , 0 , 0 , 0 , 0 , 0 , 0 , 0 , 0 )
( cnx_write_buffer , 0 , 1.64092 , 1 , 0 , 0 , 0 , 0 , 0 , 0 , 0 , 0 , 0 )
( cnx_out3 , 0 , 1.64093 , 1 , 0 , 0 , 0 , 0 , 0 , 0 , 0 , 0 , 0 )
( cnx_main , 1 , 1.67067 , 1 , 10000 , 1200 , 500 , 100 , 120 , 50 , 10 , 12 , 5 )
( cnx_main , 0 , 1.67091 , 1 , 0 , 0 , 0 , 0 , 0 , 0 , 0 , 0 , 0 )
( cnx_slice1 , 1 , 1.67091 , 1 , 15039303 , 3235056 , 1623677 , 10500 , 6470 , 3247 , 270 , 1617 , 811 )
( cnx_slice2 , 1 , 1.67091 , 2 , 15039303 , 3235056 , 1623677 , 10500 , 6470 , 3247 , 270 , 1617 , 811 )
( cnx_slice1 , 0 , 1.69377 , 1 , 0 , 0 , 0 , 0 , 0 , 0 , 0 , 0 , 0 )
( cnx_slice3 , 1 , 1.69377 , 1 , 15039303 , 3235056 , 1623677 , 10500 , 6470 , 3247 , 270 , 1617 , 811 )
( cnx_slice2 , 0 , 1.69706 , 2 , 0 , 0 , 0 , 0 , 0 , 0 , 0 , 0 , 0 )
( cnx_filter2 , 1 , 1.69706 , 2 , 17000000 , 3235056 , 1623677 , 10500 , 6470 , 3247 , 270 , 1617 , 811 )
( cnx_slice3 , 0 , 1.71663 , 1 , 0 , 0 , 0 , 0 , 0 , 0 , 0 , 0 , 0 )
( cnx_filter1 , 1 , 1.71663 , 1 , 17000000 , 3235056 , 1623677 , 10500 , 6470 , 3247 , 270 , 1617 , 811 )
( cnx_filter2 , 0 , 1.72516 , 2 , 0 , 0 , 0 , 0 , 0 , 0 , 0 , 0 , 0 )
( cnx_out2 , 1 , 1.72517 , 2 , 10000 , 1200 , 500 , 100 , 120 , 50 , 10 , 12 , 5 )
( cnx_out2 , 0 , 1.72536 , 2 , 0 , 0 , 0 , 0 , 0 , 0 , 0 , 0 , 0 )
( cnx_filter1 , 0 , 1.7411 , 1 , 0 , 0 , 0 , 0 , 0 , 0 , 0 , 0 , 0 )
( cnx_out1 , 1 , 1.7411 , 1 , 10000 , 1200 , 500 , 100 , 120 , 50 , 10 , 12 , 5 )
( cnx_out1 , 0 , 1.7413 , 1 , 0 , 0 , 0 , 0 , 0 , 0 , 0 , 0 , 0 )
( cnx_filter3 , 1 , 1.7413 , 1 , 17000000 , 3235056 , 1623677 , 10500 , 6470 , 3247 , 270 , 1617 , 811 )
( cnx_filter3 , 0 , 1.76571 , 1 , 0 , 0 , 0 , 0 , 0 , 0 , 0 , 0 , 0 )
( cnx_out3 , 1 , 1.76572 , 1 , 10000 , 1200 , 500 , 100 , 120 , 50 , 10 , 12 , 5 )
( cnx_write_buffer , 1 , 1.76592 , 1 , 0 , 0 , 0 , 0 , 0 , 0 , 0 , 0 , 0 )
( cnx_write_buffer , 0 , 1.76593 , 1 , 0 , 0 , 0 , 0 , 0 , 0 , 0 , 0 , 0 )
( cnx_out3 , 0 , 1.76593 , 1 , 0 , 0 , 0 , 0 , 0 , 0 , 0 , 0 , 0 )
( cnx_main , 1 , 1.79567 , 1 , 10000 , 1200 , 500 , 100 , 120 , 50 , 10 , 12 , 5 )
( cnx_main , 0 , 1.7959 , 1 , 0 , 0 , 0 , 0 , 0 , 0 , 0 , 0 , 0 )
( cnx_slice1 , 1 , 1.7959 , 1 , 15039303 , 3235056 , 1623677 , 10500 , 6470 , 3247 , 270 , 1617 , 811 )
( cnx_slice2 , 1 , 1.7959 , 2 , 15039303 , 3235056 , 1623677 , 10500 , 6470 , 3247 , 270 , 1617 , 811 )
( cnx_slice1 , 0 , 1.81876 , 1 , 0 , 0 , 0 , 0 , 0 , 0 , 0 , 0 , 0 )
( cnx_slice3 , 1 , 1.81876 , 1 , 15039303 , 3235056 , 1623677 , 10500 , 6470 , 3247 , 270 , 1617 , 811 )
( cnx_slice2 , 0 , 1.82214 , 2 , 0 , 0 , 0 , 0 , 0 , 0 , 0 , 0 , 0 )
( cnx_filter2 , 1 , 1.82214 , 2 , 17000000 , 3235056 , 1623677 , 10500 , 6470 , 3247 , 270 , 1617 , 811 )
( cnx_slice3 , 0 , 1.8417 , 1 , 0 , 0 , 0 , 0 , 0 , 0 , 0 , 0 , 0 )
( cnx_filter1 , 1 , 1.8417 , 1 , 17000000 , 3235056 , 1623677 , 10500 , 6470 , 3247 , 270 , 1617 , 811 )
( cnx_filter2 , 0 , 1.85026 , 2 , 0 , 0 , 0 , 0 , 0 , 0 , 0 , 0 , 0 )
( cnx_out2 , 1 , 1.85026 , 2 , 10000 , 1200 , 500 , 100 , 120 , 50 , 10 , 12 , 5 )
( cnx_out2 , 0 , 1.85046 , 2 , 0 , 0 , 0 , 0 , 0 , 0 , 0 , 0 , 0 )
( cnx_filter1 , 0 , 1.86612 , 1 , 0 , 0 , 0 , 0 , 0 , 0 , 0 , 0 , 0 )
( cnx_out1 , 1 , 1.86612 , 1 , 10000 , 1200 , 500 , 100 , 120 , 50 , 10 , 12 , 5 )
( cnx_out1 , 0 , 1.86632 , 1 , 0 , 0 , 0 , 0 , 0 , 0 , 0 , 0 , 0 )
( cnx_filter3 , 1 , 1.86633 , 1 , 17000000 , 3235056 , 1623677 , 10500 , 6470 , 3247 , 270 , 1617 , 811 )
( cnx_filter3 , 0 , 1.89074 , 1 , 0 , 0 , 0 , 0 , 0 , 0 , 0 , 0 , 0 )
( cnx_out3 , 1 , 1.89074 , 1 , 10000 , 1200 , 500 , 100 , 120 , 50 , 10 , 12 , 5 )
( cnx_write_buffer , 1 , 1.89094 , 1 , 0 , 0 , 0 , 0 , 0 , 0 , 0 , 0 , 0 )
( cnx_write_buffer , 0 , 1.89095 , 1 , 0 , 0 , 0 , 0 , 0 , 0 , 0 , 0 , 0 )
( cnx_out3 , 0 , 1.89095 , 1 , 0 , 0 , 0 , 0 , 0 , 0 , 0 , 0 , 0 )
( cnx_main , 1 , 1.92067 , 1 , 10000 , 1200 , 500 , 100 , 120 , 50 , 10 , 12 , 5 )
( cnx_main , 0 , 1.92091 , 1 , 0 , 0 , 0 , 0 , 0 , 0 , 0 , 0 , 0 )
( cnx_slice1 , 1 , 1.92091 , 1 , 12000000 , 3035056 , 1323677 , 10000 , 6000 , 3000 , 260 , 1500 , 800 )
( cnx_slice2 , 1 , 1.92091 , 2 , 12000000 , 3035056 , 1323677 , 10000 , 6000 , 3000 , 260 , 1500 , 800 )
( cnx_slice1 , 0 , 1.94029 , 1 , 0 , 0 , 0 , 0 , 0 , 0 , 0 , 0 , 0 )
( cnx_slice3 , 1 , 1.9403 , 1 , 12000000 , 3035056 , 1323677 , 10000 , 6000 , 3000 , 260 , 1500 , 800 )
( cnx_slice2 , 0 , 1.94296 , 2 , 0 , 0 , 0 , 0 , 0 , 0 , 0 , 0 , 0 )
( cnx_filter2 , 1 , 1.94296 , 2 , 17000000 , 3235056 , 1623677 , 10500 , 6470 , 3247 , 270 , 1617 , 811 )
( cnx_slice3 , 0 , 1.95967 , 1 , 0 , 0 , 0 , 0 , 0 , 0 , 0 , 0 , 0 )
( cnx_filter1 , 1 , 1.95967 , 1 , 17000000 , 3235056 , 1623677 , 10500 , 6470 , 3247 , 270 , 1617 , 811 )
( cnx_filter2 , 0 , 1.97107 , 2 , 0 , 0 , 0 , 0 , 0 , 0 , 0 , 0 , 0 )
( cnx_out2 , 1 , 1.97107 , 2 , 10000 , 1200 , 500 , 100 , 120 , 50 , 10 , 12 , 5 )
( cnx_out2 , 0 , 1.97127 , 2 , 0 , 0 , 0 , 0 , 0 , 0 , 0 , 0 , 0 )
( cnx_filter1 , 0 , 1.98415 , 1 , 0 , 0 , 0 , 0 , 0 , 0 , 0 , 0 , 0 )
( cnx_out1 , 1 , 1.98415 , 1 , 10000 , 1200 , 500 , 100 , 120 , 50 , 10 , 12 , 5 )
( cnx_out1 , 0 , 1.98435 , 1 , 0 , 0 , 0 , 0 , 0 , 0 , 0 , 0 , 0 )
( cnx_filter3 , 1 , 1.98435 , 1 , 17000000 , 3235056 , 1623677 , 10500 , 6470 , 3247 , 270 , 1617 , 811 )
( cnx_filter3 , 0 , 2.00875 , 1 , 0 , 0 , 0 , 0 , 0 , 0 , 0 , 0 , 0 )
( cnx_out3 , 1 , 2.00875 , 1 , 10000 , 1200 , 500 , 100 , 120 , 50 , 10 , 12 , 5 )
( cnx_write_buffer , 1 , 2.00895 , 1 , 0 , 0 , 0 , 0 , 0 , 0 , 0 , 0 , 0 )
( cnx_write_buffer , 0 , 2.00897 , 1 , 0 , 0 , 0 , 0 , 0 , 0 , 0 , 0 , 0 )
( cnx_out3 , 0 , 2.00897 , 1 , 0 , 0 , 0 , 0 , 0 , 0 , 0 , 0 , 0 )
( cnx_main , 1 , 2.04566 , 1 , 10000 , 1200 , 500 , 100 , 120 , 50 , 10 , 12 , 5 )
( cnx_main , 0 , 2.0459 , 1 , 0 , 0 , 0 , 0 , 0 , 0 , 0 , 0 , 0 )
( cnx_slice1 , 1 , 2.04591 , 1 , 15039303 , 3235056 , 1623677 , 10500 , 6470 , 3247 , 270 , 1617 , 811 )
( cnx_slice2 , 1 , 2.04591 , 2 , 15039303 , 3235056 , 1623677 , 10500 , 6470 , 3247 , 270 , 1617 , 811 )
( cnx_slice1 , 0 , 2.06878 , 1 , 0 , 0 , 0 , 0 , 0 , 0 , 0 , 0 , 0 )
( cnx_slice3 , 1 , 2.06878 , 1 , 15039303 , 3235056 , 1623677 , 10500 , 6470 , 3247 , 270 , 1617 , 811 )
( cnx_slice2 , 0 , 2.07212 , 2 , 0 , 0 , 0 , 0 , 0 , 0 , 0 , 0 , 0 )
( cnx_filter2 , 1 , 2.07212 , 2 , 17000000 , 3235056 , 1623677 , 10500 , 6470 , 3247 , 270 , 1617 , 811 )
( cnx_slice3 , 0 , 2.09163 , 1 , 0 , 0 , 0 , 0 , 0 , 0 , 0 , 0 , 0 )
( cnx_filter1 , 1 , 2.09163 , 1 , 17000000 , 3235056 , 1623677 , 10500 , 6470 , 3247 , 270 , 1617 , 811 )
( cnx_filter2 , 0 , 2.10021 , 2 , 0 , 0 , 0 , 0 , 0 , 0 , 0 , 0 , 0 )
( cnx_out2 , 1 , 2.10022 , 2 , 10000 , 1200 , 500 , 100 , 120 , 50 , 10 , 12 , 5 )
( cnx_out2 , 0 , 2.10041 , 2 , 0 , 0 , 0 , 0 , 0 , 0 , 0 , 0 , 0 )
( cnx_filter1 , 0 , 2.11611 , 1 , 0 , 0 , 0 , 0 , 0 , 0 , 0 , 0 , 0 )
( cnx_out1 , 1 , 2.11611 , 1 , 10000 , 1200 , 500 , 100 , 120 , 50 , 10 , 12 , 5 )
( cnx_out1 , 0 , 2.11631 , 1 , 0 , 0 , 0 , 0 , 0 , 0 , 0 , 0 , 0 )
( cnx_filter3 , 1 , 2.11631 , 1 , 17000000 , 3235056 , 1623677 , 10500 , 6470 , 3247 , 270 , 1617 , 811 )
( cnx_filter3 , 0 , 2.14072 , 1 , 0 , 0 , 0 , 0 , 0 , 0 , 0 , 0 , 0 )
( cnx_out3 , 1 , 2.14072 , 1 , 10000 , 1200 , 500 , 100 , 120 , 50 , 10 , 12 , 5 )
( cnx_write_buffer , 1 , 2.14092 , 1 , 0 , 0 , 0 , 0 , 0 , 0 , 0 , 0 , 0 )
( cnx_write_buffer , 0 , 2.14093 , 1 , 0 , 0 , 0 , 0 , 0 , 0 , 0 , 0 , 0 )
( cnx_out3 , 0 , 2.14094 , 1 , 0 , 0 , 0 , 0 , 0 , 0 , 0 , 0 , 0 )
( cnx_main , 1 , 2.17067 , 1 , 10000 , 1200 , 500 , 100 , 120 , 50 , 10 , 12 , 5 )
( cnx_main , 0 , 2.1709 , 1 , 0 , 0 , 0 , 0 , 0 , 0 , 0 , 0 , 0 )
( cnx_slice1 , 1 , 2.17091 , 1 , 15039303 , 3235056 , 1623677 , 10500 , 6470 , 3247 , 270 , 1617 , 811 )
( cnx_slice2 , 1 , 2.17091 , 2 , 15039303 , 3235056 , 1623677 , 10500 , 6470 , 3247 , 270 , 1617 , 811 )
( cnx_slice1 , 0 , 2.19383 , 1 , 0 , 0 , 0 , 0 , 0 , 0 , 0 , 0 , 0 )
( cnx_slice3 , 1 , 2.19383 , 1 , 15039303 , 3235056 , 1623677 , 10500 , 6470 , 3247 , 270 , 1617 , 811 )
( cnx_slice2 , 0 , 2.19705 , 2 , 0 , 0 , 0 , 0 , 0 , 0 , 0 , 0 , 0 )
( cnx_filter2 , 1 , 2.19705 , 2 , 17000000 , 3235056 , 1623677 , 10500 , 6470 , 3247 , 270 , 1617 , 811 )
( cnx_slice3 , 0 , 2.21668 , 1 , 0 , 0 , 0 , 0 , 0 , 0 , 0 , 0 , 0 )
( cnx_filter1 , 1 , 2.21669 , 1 , 17000000 , 3235056 , 1623677 , 10500 , 6470 , 3247 , 270 , 1617 , 811 )
( cnx_filter2 , 0 , 2.22516 , 2 , 0 , 0 , 0 , 0 , 0 , 0 , 0 , 0 , 0 )
( cnx_out2 , 1 , 2.22517 , 2 , 10000 , 1200 , 500 , 100 , 120 , 50 , 10 , 12 , 5 )
( cnx_out2 , 0 , 2.22537 , 2 , 0 , 0 , 0 , 0 , 0 , 0 , 0 , 0 , 0 )
( cnx_filter1 , 0 , 2.2411 , 1 , 0 , 0 , 0 , 0 , 0 , 0 , 0 , 0 , 0 )
( cnx_out1 , 1 , 2.2411 , 1 , 10000 , 1200 , 500 , 100 , 120 , 50 , 10 , 12 , 5 )
( cnx_out1 , 0 , 2.2413 , 1 , 0 , 0 , 0 , 0 , 0 , 0 , 0 , 0 , 0 )
( cnx_filter3 , 1 , 2.2413 , 1 , 17000000 , 3235056 , 1623677 , 10500 , 6470 , 3247 , 270 , 1617 , 811 )
( cnx_filter3 , 0 , 2.26573 , 1 , 0 , 0 , 0 , 0 , 0 , 0 , 0 , 0 , 0 )
( cnx_out3 , 1 , 2.26573 , 1 , 10000 , 1200 , 500 , 100 , 120 , 50 , 10 , 12 , 5 )
( cnx_write_buffer , 1 , 2.26593 , 1 , 0 , 0 , 0 , 0 , 0 , 0 , 0 , 0 , 0 )
( cnx_write_buffer , 0 , 2.26594 , 1 , 0 , 0 , 0 , 0 , 0 , 0 , 0 , 0 , 0 )
( cnx_out3 , 0 , 2.26594 , 1 , 0 , 0 , 0 , 0 , 0 , 0 , 0 , 0 , 0 )
( cnx_main , 1 , 2.29567 , 1 , 10000 , 1200 , 500 , 100 , 120 , 50 , 10 , 12 , 5 )
( cnx_main , 0 , 2.29591 , 1 , 0 , 0 , 0 , 0 , 0 , 0 , 0 , 0 , 0 )
( cnx_slice1 , 1 , 2.29591 , 1 , 15039303 , 3235056 , 1623677 , 10500 , 6470 , 3247 , 270 , 1617 , 811 )
( cnx_slice2 , 1 , 2.29591 , 2 , 15039303 , 3235056 , 1623677 , 10500 , 6470 , 3247 , 270 , 1617 , 811 )
( cnx_slice1 , 0 , 2.3188 , 1 , 0 , 0 , 0 , 0 , 0 , 0 , 0 , 0 , 0 )
( cnx_slice3 , 1 , 2.3188 , 1 , 15039303 , 3235056 , 1623677 , 10500 , 6470 , 3247 , 270 , 1617 , 811 )
( cnx_slice2 , 0 , 2.3221 , 2 , 0 , 0 , 0 , 0 , 0 , 0 , 0 , 0 , 0 )
( cnx_filter2 , 1 , 2.3221 , 2 , 17000000 , 3235056 , 1623677 , 10500 , 6470 , 3247 , 270 , 1617 , 811 )
( cnx_slice3 , 0 , 2.34167 , 1 , 0 , 0 , 0 , 0 , 0 , 0 , 0 , 0 , 0 )
( cnx_filter1 , 1 , 2.34167 , 1 , 17000000 , 3235056 , 1623677 , 10500 , 6470 , 3247 , 270 , 1617 , 811 )
( cnx_filter2 , 0 , 2.35022 , 2 , 0 , 0 , 0 , 0 , 0 , 0 , 0 , 0 , 0 )
( cnx_out2 , 1 , 2.35023 , 2 , 10000 , 1200 , 500 , 100 , 120 , 50 , 10 , 12 , 5 )
( cnx_out2 , 0 , 2.35042 , 2 , 0 , 0 , 0 , 0 , 0 , 0 , 0 , 0 , 0 )
( cnx_filter1 , 0 , 2.36609 , 1 , 0 , 0 , 0 , 0 , 0 , 0 , 0 , 0 , 0 )
( cnx_out1 , 1 , 2.36609 , 1 , 10000 , 1200 , 500 , 100 , 120 , 50 , 10 , 12 , 5 )
( cnx_out1 , 0 , 2.36629 , 1 , 0 , 0 , 0 , 0 , 0 , 0 , 0 , 0 , 0 )
( cnx_filter3 , 1 , 2.36629 , 1 , 17000000 , 3235056 , 1623677 , 10500 , 6470 , 3247 , 270 , 1617 , 811 )
( cnx_filter3 , 0 , 2.39079 , 1 , 0 , 0 , 0 , 0 , 0 , 0 , 0 , 0 , 0 )
( cnx_out3 , 1 , 2.39079 , 1 , 10000 , 1200 , 500 , 100 , 120 , 50 , 10 , 12 , 5 )
( cnx_write_buffer , 1 , 2.39099 , 1 , 0 , 0 , 0 , 0 , 0 , 0 , 0 , 0 , 0 )
( cnx_write_buffer , 0 , 2.391 , 1 , 0 , 0 , 0 , 0 , 0 , 0 , 0 , 0 , 0 )
( cnx_out3 , 0 , 2.391 , 1 , 0 , 0 , 0 , 0 , 0 , 0 , 0 , 0 , 0 )
( cnx_main , 1 , 2.42066 , 1 , 10000 , 1200 , 500 , 100 , 120 , 50 , 10 , 12 , 5 )
( cnx_main , 0 , 2.42092 , 1 , 0 , 0 , 0 , 0 , 0 , 0 , 0 , 0 , 0 )
( cnx_slice1 , 1 , 2.42092 , 1 , 12000000 , 3035056 , 1323677 , 10000 , 6000 , 3000 , 260 , 1500 , 800 )
( cnx_slice2 , 1 , 2.42092 , 2 , 12000000 , 3035056 , 1323677 , 10000 , 6000 , 3000 , 260 , 1500 , 800 )
( cnx_slice1 , 0 , 2.44029 , 1 , 0 , 0 , 0 , 0 , 0 , 0 , 0 , 0 , 0 )
( cnx_slice3 , 1 , 2.44029 , 1 , 12000000 , 3035056 , 1323677 , 10000 , 6000 , 3000 , 260 , 1500 , 800 )
( cnx_slice2 , 0 , 2.44296 , 2 , 0 , 0 , 0 , 0 , 0 , 0 , 0 , 0 , 0 )
( cnx_filter2 , 1 , 2.44296 , 2 , 17000000 , 3235056 , 1623677 , 10500 , 6470 , 3247 , 270 , 1617 , 811 )
( cnx_slice3 , 0 , 2.45968 , 1 , 0 , 0 , 0 , 0 , 0 , 0 , 0 , 0 , 0 )
( cnx_filter1 , 1 , 2.45968 , 1 , 17000000 , 3235056 , 1623677 , 10500 , 6470 , 3247 , 270 , 1617 , 811 )
( cnx_filter2 , 0 , 2.47106 , 2 , 0 , 0 , 0 , 0 , 0 , 0 , 0 , 0 , 0 )
( cnx_out2 , 1 , 2.47106 , 2 , 10000 , 1200 , 500 , 100 , 120 , 50 , 10 , 12 , 5 )
( cnx_out2 , 0 , 2.47126 , 2 , 0 , 0 , 0 , 0 , 0 , 0 , 0 , 0 , 0 )
( cnx_filter1 , 0 , 2.48408 , 1 , 0 , 0 , 0 , 0 , 0 , 0 , 0 , 0 , 0 )
( cnx_out1 , 1 , 2.48408 , 1 , 10000 , 1200 , 500 , 100 , 120 , 50 , 10 , 12 , 5 )
( cnx_out1 , 0 , 2.48428 , 1 , 0 , 0 , 0 , 0 , 0 , 0 , 0 , 0 , 0 )
( cnx_filter3 , 1 , 2.48428 , 1 , 17000000 , 3235056 , 1623677 , 10500 , 6470 , 3247 , 270 , 1617 , 811 )
( cnx_filter3 , 0 , 2.50869 , 1 , 0 , 0 , 0 , 0 , 0 , 0 , 0 , 0 , 0 )
( cnx_out3 , 1 , 2.50869 , 1 , 10000 , 1200 , 500 , 100 , 120 , 50 , 10 , 12 , 5 )
( cnx_write_buffer , 1 , 2.50889 , 1 , 0 , 0 , 0 , 0 , 0 , 0 , 0 , 0 , 0 )
( cnx_write_buffer , 0 , 2.5089 , 1 , 0 , 0 , 0 , 0 , 0 , 0 , 0 , 0 , 0 )
( cnx_out3 , 0 , 2.5089 , 1 , 0 , 0 , 0 , 0 , 0 , 0 , 0 , 0 , 0 )
( cnx_main , 1 , 2.54567 , 1 , 10000 , 1200 , 500 , 100 , 120 , 50 , 10 , 12 , 5 )
( cnx_main , 0 , 2.54588 , 1 , 0 , 0 , 0 , 0 , 0 , 0 , 0 , 0 , 0 )
( cnx_slice1 , 1 , 2.54588 , 1 , 15039303 , 3235056 , 1623677 , 10500 , 6470 , 3247 , 270 , 1617 , 811 )
( cnx_slice2 , 1 , 2.54588 , 2 , 15039303 , 3235056 , 1623677 , 10500 , 6470 , 3247 , 270 , 1617 , 811 )
( cnx_slice1 , 0 , 2.56874 , 1 , 0 , 0 , 0 , 0 , 0 , 0 , 0 , 0 , 0 )
( cnx_slice3 , 1 , 2.56874 , 1 , 15039303 , 3235056 , 1623677 , 10500 , 6470 , 3247 , 270 , 1617 , 811 )
( cnx_slice2 , 0 , 2.57205 , 2 , 0 , 0 , 0 , 0 , 0 , 0 , 0 , 0 , 0 )
( cnx_filter2 , 1 , 2.57205 , 2 , 17000000 , 3235056 , 1623677 , 10500 , 6470 , 3247 , 270 , 1617 , 811 )
( cnx_slice3 , 0 , 2.59158 , 1 , 0 , 0 , 0 , 0 , 0 , 0 , 0 , 0 , 0 )
( cnx_filter1 , 1 , 2.59158 , 1 , 17000000 , 3235056 , 1623677 , 10500 , 6470 , 3247 , 270 , 1617 , 811 )
( cnx_filter2 , 0 , 2.60014 , 2 , 0 , 0 , 0 , 0 , 0 , 0 , 0 , 0 , 0 )
( cnx_out2 , 1 , 2.60015 , 2 , 10000 , 1200 , 500 , 100 , 120 , 50 , 10 , 12 , 5 )
( cnx_out2 , 0 , 2.60034 , 2 , 0 , 0 , 0 , 0 , 0 , 0 , 0 , 0 , 0 )
( cnx_filter1 , 0 , 2.61606 , 1 , 0 , 0 , 0 , 0 , 0 , 0 , 0 , 0 , 0 )
( cnx_out1 , 1 , 2.61606 , 1 , 10000 , 1200 , 500 , 100 , 120 , 50 , 10 , 12 , 5 )
( cnx_out1 , 0 , 2.61626 , 1 , 0 , 0 , 0 , 0 , 0 , 0 , 0 , 0 , 0 )
( cnx_filter3 , 1 , 2.61626 , 1 , 17000000 , 3235056 , 1623677 , 10500 , 6470 , 3247 , 270 , 1617 , 811 )
( cnx_filter3 , 0 , 2.64066 , 1 , 0 , 0 , 0 , 0 , 0 , 0 , 0 , 0 , 0 )
( cnx_out3 , 1 , 2.64067 , 1 , 10000 , 1200 , 500 , 100 , 120 , 50 , 10 , 12 , 5 )
( cnx_write_buffer , 1 , 2.64086 , 1 , 0 , 0 , 0 , 0 , 0 , 0 , 0 , 0 , 0 )
( cnx_write_buffer , 0 , 2.64088 , 1 , 0 , 0 , 0 , 0 , 0 , 0 , 0 , 0 , 0 )
( cnx_out3 , 0 , 2.64088 , 1 , 0 , 0 , 0 , 0 , 0 , 0 , 0 , 0 , 0 )
( cnx_main , 1 , 2.67066 , 1 , 10000 , 1200 , 500 , 100 , 120 , 50 , 10 , 12 , 5 )
( cnx_main , 0 , 2.67091 , 1 , 0 , 0 , 0 , 0 , 0 , 0 , 0 , 0 , 0 )
( cnx_slice1 , 1 , 2.67092 , 1 , 15039303 , 3235056 , 1623677 , 10500 , 6470 , 3247 , 270 , 1617 , 811 )
( cnx_slice2 , 1 , 2.67092 , 2 , 15039303 , 3235056 , 1623677 , 10500 , 6470 , 3247 , 270 , 1617 , 811 )
( cnx_slice1 , 0 , 2.69376 , 1 , 0 , 0 , 0 , 0 , 0 , 0 , 0 , 0 , 0 )
( cnx_slice3 , 1 , 2.69376 , 1 , 15039303 , 3235056 , 1623677 , 10500 , 6470 , 3247 , 270 , 1617 , 811 )
( cnx_slice2 , 0 , 2.69705 , 2 , 0 , 0 , 0 , 0 , 0 , 0 , 0 , 0 , 0 )
( cnx_filter2 , 1 , 2.69705 , 2 , 17000000 , 3235056 , 1623677 , 10500 , 6470 , 3247 , 270 , 1617 , 811 )
( cnx_slice3 , 0 , 2.7166 , 1 , 0 , 0 , 0 , 0 , 0 , 0 , 0 , 0 , 0 )
( cnx_filter1 , 1 , 2.71661 , 1 , 17000000 , 3235056 , 1623677 , 10500 , 6470 , 3247 , 270 , 1617 , 811 )
( cnx_filter2 , 0 , 2.72515 , 2 , 0 , 0 , 0 , 0 , 0 , 0 , 0 , 0 , 0 )
( cnx_out2 , 1 , 2.72515 , 2 , 10000 , 1200 , 500 , 100 , 120 , 50 , 10 , 12 , 5 )
( cnx_out2 , 0 , 2.72535 , 2 , 0 , 0 , 0 , 0 , 0 , 0 , 0 , 0 , 0 )
( cnx_filter1 , 0 , 2.74107 , 1 , 0 , 0 , 0 , 0 , 0 , 0 , 0 , 0 , 0 )
( cnx_out1 , 1 , 2.74107 , 1 , 10000 , 1200 , 500 , 100 , 120 , 50 , 10 , 12 , 5 )
( cnx_out1 , 0 , 2.74127 , 1 , 0 , 0 , 0 , 0 , 0 , 0 , 0 , 0 , 0 )
( cnx_filter3 , 1 , 2.74127 , 1 , 17000000 , 3235056 , 1623677 , 10500 , 6470 , 3247 , 270 , 1617 , 811 )
( cnx_filter3 , 0 , 2.76568 , 1 , 0 , 0 , 0 , 0 , 0 , 0 , 0 , 0 , 0 )
( cnx_out3 , 1 , 2.76569 , 1 , 10000 , 1200 , 500 , 100 , 120 , 50 , 10 , 12 , 5 )
( cnx_write_buffer , 1 , 2.76589 , 1 , 0 , 0 , 0 , 0 , 0 , 0 , 0 , 0 , 0 )
( cnx_write_buffer , 0 , 2.7659 , 1 , 0 , 0 , 0 , 0 , 0 , 0 , 0 , 0 , 0 )
( cnx_out3 , 0 , 2.7659 , 1 , 0 , 0 , 0 , 0 , 0 , 0 , 0 , 0 , 0 )
( cnx_main , 1 , 2.79567 , 1 , 10000 , 1200 , 500 , 100 , 120 , 50 , 10 , 12 , 5 )
( cnx_main , 0 , 2.79591 , 1 , 0 , 0 , 0 , 0 , 0 , 0 , 0 , 0 , 0 )
( cnx_slice1 , 1 , 2.79591 , 1 , 15039303 , 3235056 , 1623677 , 10500 , 6470 , 3247 , 270 , 1617 , 811 )
( cnx_slice2 , 1 , 2.79592 , 2 , 15039303 , 3235056 , 1623677 , 10500 , 6470 , 3247 , 270 , 1617 , 811 )
( cnx_slice1 , 0 , 2.81879 , 1 , 0 , 0 , 0 , 0 , 0 , 0 , 0 , 0 , 0 )
( cnx_slice3 , 1 , 2.81879 , 1 , 15039303 , 3235056 , 1623677 , 10500 , 6470 , 3247 , 270 , 1617 , 811 )
( cnx_slice2 , 0 , 2.82215 , 2 , 0 , 0 , 0 , 0 , 0 , 0 , 0 , 0 , 0 )
( cnx_filter2 , 1 , 2.82215 , 2 , 17000000 , 3235056 , 1623677 , 10500 , 6470 , 3247 , 270 , 1617 , 811 )
( cnx_slice3 , 0 , 2.84173 , 1 , 0 , 0 , 0 , 0 , 0 , 0 , 0 , 0 , 0 )
( cnx_filter1 , 1 , 2.84174 , 1 , 17000000 , 3235056 , 1623677 , 10500 , 6470 , 3247 , 270 , 1617 , 811 )
( cnx_filter2 , 0 , 2.85027 , 2 , 0 , 0 , 0 , 0 , 0 , 0 , 0 , 0 , 0 )
( cnx_out2 , 1 , 2.85027 , 2 , 10000 , 1200 , 500 , 100 , 120 , 50 , 10 , 12 , 5 )
( cnx_out2 , 0 , 2.85047 , 2 , 0 , 0 , 0 , 0 , 0 , 0 , 0 , 0 , 0 )
( cnx_filter1 , 0 , 2.86615 , 1 , 0 , 0 , 0 , 0 , 0 , 0 , 0 , 0 , 0 )
( cnx_out1 , 1 , 2.86616 , 1 , 10000 , 1200 , 500 , 100 , 120 , 50 , 10 , 12 , 5 )
( cnx_out1 , 0 , 2.86635 , 1 , 0 , 0 , 0 , 0 , 0 , 0 , 0 , 0 , 0 )
( cnx_filter3 , 1 , 2.86636 , 1 , 17000000 , 3235056 , 1623677 , 10500 , 6470 , 3247 , 270 , 1617 , 811 )
( cnx_filter3 , 0 , 2.89077 , 1 , 0 , 0 , 0 , 0 , 0 , 0 , 0 , 0 , 0 )
( cnx_out3 , 1 , 2.89077 , 1 , 10000 , 1200 , 500 , 100 , 120 , 50 , 10 , 12 , 5 )
( cnx_write_buffer , 1 , 2.89097 , 1 , 0 , 0 , 0 , 0 , 0 , 0 , 0 , 0 , 0 )
( cnx_write_buffer , 0 , 2.89098 , 1 , 0 , 0 , 0 , 0 , 0 , 0 , 0 , 0 , 0 )
( cnx_out3 , 0 , 2.89098 , 1 , 0 , 0 , 0 , 0 , 0 , 0 , 0 , 0 , 0 )
( cnx_main , 1 , 2.92067 , 1 , 10000 , 1200 , 500 , 100 , 120 , 50 , 10 , 12 , 5 )
( cnx_main , 0 , 2.9209 , 1 , 0 , 0 , 0 , 0 , 0 , 0 , 0 , 0 , 0 )
( cnx_slice1 , 1 , 2.9209 , 1 , 12000000 , 3035056 , 1323677 , 10000 , 6000 , 3000 , 260 , 1500 , 800 )
( cnx_slice2 , 1 , 2.92091 , 2 , 12000000 , 3035056 , 1323677 , 10000 , 6000 , 3000 , 260 , 1500 , 800 )
( cnx_slice1 , 0 , 2.94029 , 1 , 0 , 0 , 0 , 0 , 0 , 0 , 0 , 0 , 0 )
( cnx_slice3 , 1 , 2.9403 , 1 , 12000000 , 3035056 , 1323677 , 10000 , 6000 , 3000 , 260 , 1500 , 800 )
( cnx_slice2 , 0 , 2.94303 , 2 , 0 , 0 , 0 , 0 , 0 , 0 , 0 , 0 , 0 )
( cnx_filter2 , 1 , 2.94304 , 2 , 17000000 , 3235056 , 1623677 , 10500 , 6470 , 3247 , 270 , 1617 , 811 )
( cnx_slice3 , 0 , 2.95967 , 1 , 0 , 0 , 0 , 0 , 0 , 0 , 0 , 0 , 0 )
( cnx_filter1 , 1 , 2.95968 , 1 , 17000000 , 3235056 , 1623677 , 10500 , 6470 , 3247 , 270 , 1617 , 811 )
( cnx_filter2 , 0 , 2.97114 , 2 , 0 , 0 , 0 , 0 , 0 , 0 , 0 , 0 , 0 )
( cnx_out2 , 1 , 2.97114 , 2 , 10000 , 1200 , 500 , 100 , 120 , 50 , 10 , 12 , 5 )
( cnx_out2 , 0 , 2.97134 , 2 , 0 , 0 , 0 , 0 , 0 , 0 , 0 , 0 , 0 )
( cnx_filter1 , 0 , 2.98416 , 1 , 0 , 0 , 0 , 0 , 0 , 0 , 0 , 0 , 0 )
( cnx_out1 , 1 , 2.98416 , 1 , 10000 , 1200 , 500 , 100 , 120 , 50 , 10 , 12 , 5 )
( cnx_out1 , 0 , 2.98436 , 1 , 0 , 0 , 0 , 0 , 0 , 0 , 0 , 0 , 0 )
( cnx_filter3 , 1 , 2.98436 , 1 , 17000000 , 3235056 , 1623677 , 10500 , 6470 , 3247 , 270 , 1617 , 811 )
( cnx_filter3 , 0 , 3.00877 , 1 , 0 , 0 , 0 , 0 , 0 , 0 , 0 , 0 , 0 )
( cnx_out3 , 1 , 3.00877 , 1 , 10000 , 1200 , 500 , 100 , 120 , 50 , 10 , 12 , 5 )
( cnx_write_buffer , 1 , 3.00897 , 1 , 0 , 0 , 0 , 0 , 0 , 0 , 0 , 0 , 0 )
( cnx_write_buffer , 0 , 3.00898 , 1 , 0 , 0 , 0 , 0 , 0 , 0 , 0 , 0 , 0 )
( cnx_out3 , 0 , 3.00898 , 1 , 0 , 0 , 0 , 0 , 0 , 0 , 0 , 0 , 0 )
