( cnx_main , 1 , 0.026444 , 1 , 10000 , 1200 , 500 , 100 , 120 , 50 , 10 , 12 , 5 )
( cnx_main , 0 , 0.027218 , 1 , 0 , 0 , 0 , 0 , 0 , 0 , 0 , 0 , 0 )
( cnx_slice1 , 1 , 0.027225 , 1 , 15039303 , 3235056 , 1623677 , 10500 , 6470 , 3247 , 270 , 1617 , 811 )
( cnx_slice1 , 0 , 0.091973 , 1 , 0 , 0 , 0 , 0 , 0 , 0 , 0 , 0 , 0 )
( cnx_slice2 , 1 , 0.091979 , 1 , 15039303 , 3235056 , 1623677 , 10500 , 6470 , 3247 , 270 , 1617 , 811 )
( cnx_main , 1 , 0.151396 , 1 , 10000 , 1200 , 500 , 100 , 120 , 50 , 10 , 12 , 5 )
( cnx_main , 0 , 0.152144 , 1 , 0 , 0 , 0 , 0 , 0 , 0 , 0 , 0 , 0 )
( cnx_slice2 , 0 , 0.157603 , 1 , 0 , 0 , 0 , 0 , 0 , 0 , 0 , 0 , 0 )
( cnx_slice2 , 1 , 0.157604 , 1 , 15039303 , 3235056 , 1623677 , 10500 , 6470 , 3247 , 270 , 1617 , 811 )
( cnx_slice2 , 0 , 0.222353 , 1 , 0 , 0 , 0 , 0 , 0 , 0 , 0 , 0 , 0 )
( cnx_slice1 , 1 , 0.222356 , 1 , 15039303 , 3235056 , 1623677 , 10500 , 6470 , 3247 , 270 , 1617 , 811 )
( cnx_main , 1 , 0.276397 , 1 , 10000 , 1200 , 500 , 100 , 120 , 50 , 10 , 12 , 5 )
( cnx_main , 0 , 0.277146 , 1 , 0 , 0 , 0 , 0 , 0 , 0 , 0 , 0 , 0 )
( cnx_slice1 , 0 , 0.287885 , 1 , 0 , 0 , 0 , 0 , 0 , 0 , 0 , 0 , 0 )
( cnx_slice1 , 1 , 0.287886 , 1 , 15039303 , 3235056 , 1623677 , 10500 , 6470 , 3247 , 270 , 1617 , 811 )
( cnx_slice1 , 0 , 0.352737 , 1 , 0 , 0 , 0 , 0 , 0 , 0 , 0 , 0 , 0 )
( cnx_slice2 , 1 , 0.35274 , 1 , 15039303 , 3235056 , 1623677 , 10500 , 6470 , 3247 , 270 , 1617 , 811 )
( cnx_main , 1 , 0.401397 , 1 , 10000 , 1200 , 500 , 100 , 120 , 50 , 10 , 12 , 5 )
( cnx_main , 0 , 0.402145 , 1 , 0 , 0 , 0 , 0 , 0 , 0 , 0 , 0 , 0 )
( cnx_slice2 , 0 , 0.418315 , 1 , 0 , 0 , 0 , 0 , 0 , 0 , 0 , 0 , 0 )
( cnx_slice2 , 1 , 0.418316 , 1 , 12000000 , 3035056 , 1323677 , 10000 , 6000 , 3000 , 260 , 1500 , 800 )
( cnx_slice2 , 0 , 0.472931 , 1 , 0 , 0 , 0 , 0 , 0 , 0 , 0 , 0 , 0 )
( cnx_slice1 , 1 , 0.472934 , 1 , 12000000 , 3035056 , 1323677 , 10000 , 6000 , 3000 , 260 , 1500 , 800 )
( cnx_main , 1 , 0.5264 , 1 , 10000 , 1200 , 500 , 100 , 120 , 50 , 10 , 12 , 5 )
( cnx_main , 0 , 0.527148 , 1 , 0 , 0 , 0 , 0 , 0 , 0 , 0 , 0 , 0 )
( cnx_slice1 , 0 , 0.5282 , 1 , 0 , 0 , 0 , 0 , 0 , 0 , 0 , 0 , 0 )
( cnx_slice1 , 1 , 0.528201 , 1 , 15039303 , 3235056 , 1623677 , 10500 , 6470 , 3247 , 270 , 1617 , 811 )
( cnx_slice1 , 0 , 0.593047 , 1 , 0 , 0 , 0 , 0 , 0 , 0 , 0 , 0 , 0 )
( cnx_slice2 , 1 , 0.59305 , 1 , 15039303 , 3235056 , 1623677 , 10500 , 6470 , 3247 , 270 , 1617 , 811 )
( cnx_main , 1 , 0.651403 , 1 , 10000 , 1200 , 500 , 100 , 120 , 50 , 10 , 12 , 5 )
( cnx_main , 0 , 0.652151 , 1 , 0 , 0 , 0 , 0 , 0 , 0 , 0 , 0 , 0 )
( cnx_slice2 , 0 , 0.65854 , 1 , 0 , 0 , 0 , 0 , 0 , 0 , 0 , 0 , 0 )
( cnx_slice2 , 1 , 0.658541 , 1 , 15039303 , 3235056 , 1623677 , 10500 , 6470 , 3247 , 270 , 1617 , 811 )
( cnx_slice2 , 0 , 0.72334 , 1 , 0 , 0 , 0 , 0 , 0 , 0 , 0 , 0 , 0 )
( cnx_slice1 , 1 , 0.723343 , 1 , 15039303 , 3235056 , 1623677 , 10500 , 6470 , 3247 , 270 , 1617 , 811 )
( cnx_main , 1 , 0.776401 , 1 , 10000 , 1200 , 500 , 100 , 120 , 50 , 10 , 12 , 5 )
( cnx_main , 0 , 0.777149 , 1 , 0 , 0 , 0 , 0 , 0 , 0 , 0 , 0 , 0 )
( cnx_slice1 , 0 , 0.788827 , 1 , 0 , 0 , 0 , 0 , 0 , 0 , 0 , 0 , 0 )
( cnx_slice1 , 1 , 0.788828 , 1 , 15039303 , 3235056 , 1623677 , 10500 , 6470 , 3247 , 270 , 1617 , 811 )
( cnx_slice1 , 0 , 0.853672 , 1 , 0 , 0 , 0 , 0 , 0 , 0 , 0 , 0 , 0 )
( cnx_slice2 , 1 , 0.853675 , 1 , 15039303 , 3235056 , 1623677 , 10500 , 6470 , 3247 , 270 , 1617 , 811 )
( cnx_main , 1 , 0.901404 , 1 , 10000 , 1200 , 500 , 100 , 120 , 50 , 10 , 12 , 5 )
( cnx_main , 0 , 0.902151 , 1 , 0 , 0 , 0 , 0 , 0 , 0 , 0 , 0 , 0 )
( cnx_slice2 , 0 , 0.919155 , 1 , 0 , 0 , 0 , 0 , 0 , 0 , 0 , 0 , 0 )
( cnx_slice2 , 1 , 0.919156 , 1 , 12000000 , 3035056 , 1323677 , 10000 , 6000 , 3000 , 260 , 1500 , 800 )
( cnx_slice2 , 0 , 0.973639 , 1 , 0 , 0 , 0 , 0 , 0 , 0 , 0 , 0 , 0 )
( cnx_slice1 , 1 , 0.973643 , 1 , 12000000 , 3035056 , 1323677 , 10000 , 6000 , 3000 , 260 , 1500 , 800 )
( cnx_main , 1 , 1.0264 , 1 , 10000 , 1200 , 500 , 100 , 120 , 50 , 10 , 12 , 5 )
( cnx_main , 0 , 1.02715 , 1 , 0 , 0 , 0 , 0 , 0 , 0 , 0 , 0 , 0 )
( cnx_slice1 , 0 , 1.02893 , 1 , 0 , 0 , 0 , 0 , 0 , 0 , 0 , 0 , 0 )
( cnx_slice1 , 1 , 1.02893 , 1 , 15039303 , 3235056 , 1623677 , 10500 , 6470 , 3247 , 270 , 1617 , 811 )
( cnx_slice1 , 0 , 1.09366 , 1 , 0 , 0 , 0 , 0 , 0 , 0 , 0 , 0 , 0 )
( cnx_slice2 , 1 , 1.09366 , 1 , 15039303 , 3235056 , 1623677 , 10500 , 6470 , 3247 , 270 , 1617 , 811 )
( cnx_main , 1 , 1.1514 , 1 , 10000 , 1200 , 500 , 100 , 120 , 50 , 10 , 12 , 5 )
( cnx_main , 0 , 1.15214 , 1 , 0 , 0 , 0 , 0 , 0 , 0 , 0 , 0 , 0 )
( cnx_slice2 , 0 , 1.1592 , 1 , 0 , 0 , 0 , 0 , 0 , 0 , 0 , 0 , 0 )
( cnx_slice2 , 1 , 1.1592 , 1 , 15039303 , 3235056 , 1623677 , 10500 , 6470 , 3247 , 270 , 1617 , 811 )
( cnx_slice2 , 0 , 1.22395 , 1 , 0 , 0 , 0 , 0 , 0 , 0 , 0 , 0 , 0 )
( cnx_slice1 , 1 , 1.22395 , 1 , 15039303 , 3235056 , 1623677 , 10500 , 6470 , 3247 , 270 , 1617 , 811 )
( cnx_main , 1 , 1.27641 , 1 , 10000 , 1200 , 500 , 100 , 120 , 50 , 10 , 12 , 5 )
( cnx_main , 0 , 1.27715 , 1 , 0 , 0 , 0 , 0 , 0 , 0 , 0 , 0 , 0 )
( cnx_slice1 , 0 , 1.28953 , 1 , 0 , 0 , 0 , 0 , 0 , 0 , 0 , 0 , 0 )
( cnx_slice1 , 1 , 1.28953 , 1 , 15039303 , 3235056 , 1623677 , 10500 , 6470 , 3247 , 270 , 1617 , 811 )
( cnx_slice1 , 0 , 1.35422 , 1 , 0 , 0 , 0 , 0 , 0 , 0 , 0 , 0 , 0 )
( cnx_slice2 , 1 , 1.35423 , 1 , 15039303 , 3235056 , 1623677 , 10500 , 6470 , 3247 , 270 , 1617 , 811 )
( cnx_main , 1 , 1.4014 , 1 , 10000 , 1200 , 500 , 100 , 120 , 50 , 10 , 12 , 5 )
( cnx_main , 0 , 1.40215 , 1 , 0 , 0 , 0 , 0 , 0 , 0 , 0 , 0 , 0 )
( cnx_slice2 , 0 , 1.41977 , 1 , 0 , 0 , 0 , 0 , 0 , 0 , 0 , 0 , 0 )
( cnx_slice2 , 1 , 1.41977 , 1 , 12000000 , 3035056 , 1323677 , 10000 , 6000 , 3000 , 260 , 1500 , 800 )
( cnx_slice2 , 0 , 1.47417 , 1 , 0 , 0 , 0 , 0 , 0 , 0 , 0 , 0 , 0 )
( cnx_slice1 , 1 , 1.47417 , 1 , 12000000 , 3035056 , 1323677 , 10000 , 6000 , 3000 , 260 , 1500 , 800 )
( cnx_main , 1 , 1.5264 , 1 , 10000 , 1200 , 500 , 100 , 120 , 50 , 10 , 12 , 5 )
( cnx_main , 0 , 1.52715 , 1 , 0 , 0 , 0 , 0 , 0 , 0 , 0 , 0 , 0 )
( cnx_slice1 , 0 , 1.5294 , 1 , 0 , 0 , 0 , 0 , 0 , 0 , 0 , 0 , 0 )
( cnx_slice1 , 1 , 1.5294 , 1 , 15039303 , 3235056 , 1623677 , 10500 , 6470 , 3247 , 270 , 1617 , 811 )
( cnx_slice1 , 0 , 1.59415 , 1 , 0 , 0 , 0 , 0 , 0 , 0 , 0 , 0 , 0 )
( cnx_slice2 , 1 , 1.59415 , 1 , 15039303 , 3235056 , 1623677 , 10500 , 6470 , 3247 , 270 , 1617 , 811 )
( cnx_main , 1 , 1.6514 , 1 , 10000 , 1200 , 500 , 100 , 120 , 50 , 10 , 12 , 5 )
( cnx_main , 0 , 1.65215 , 1 , 0 , 0 , 0 , 0 , 0 , 0 , 0 , 0 , 0 )
( cnx_slice2 , 0 , 1.6597 , 1 , 0 , 0 , 0 , 0 , 0 , 0 , 0 , 0 , 0 )
( cnx_slice2 , 1 , 1.6597 , 1 , 15039303 , 3235056 , 1623677 , 10500 , 6470 , 3247 , 270 , 1617 , 811 )
( cnx_slice2 , 0 , 1.72435 , 1 , 0 , 0 , 0 , 0 , 0 , 0 , 0 , 0 , 0 )
( cnx_slice1 , 1 , 1.72436 , 1 , 15039303 , 3235056 , 1623677 , 10500 , 6470 , 3247 , 270 , 1617 , 811 )
( cnx_main , 1 , 1.7764 , 1 , 10000 , 1200 , 500 , 100 , 120 , 50 , 10 , 12 , 5 )
( cnx_main , 0 , 1.77715 , 1 , 0 , 0 , 0 , 0 , 0 , 0 , 0 , 0 , 0 )
( cnx_slice1 , 0 , 1.78995 , 1 , 0 , 0 , 0 , 0 , 0 , 0 , 0 , 0 , 0 )
( cnx_slice1 , 1 , 1.78995 , 1 , 15039303 , 3235056 , 1623677 , 10500 , 6470 , 3247 , 270 , 1617 , 811 )
( cnx_slice1 , 0 , 1.85475 , 1 , 0 , 0 , 0 , 0 , 0 , 0 , 0 , 0 , 0 )
( cnx_slice2 , 1 , 1.85475 , 1 , 15039303 , 3235056 , 1623677 , 10500 , 6470 , 3247 , 270 , 1617 , 811 )
( cnx_main , 1 , 1.9014 , 1 , 10000 , 1200 , 500 , 100 , 120 , 50 , 10 , 12 , 5 )
( cnx_main , 0 , 1.90215 , 1 , 0 , 0 , 0 , 0 , 0 , 0 , 0 , 0 , 0 )
( cnx_slice2 , 0 , 1.92031 , 1 , 0 , 0 , 0 , 0 , 0 , 0 , 0 , 0 , 0 )
( cnx_slice2 , 1 , 1.92031 , 1 , 12000000 , 3035056 , 1323677 , 10000 , 6000 , 3000 , 260 , 1500 , 800 )
( cnx_slice2 , 0 , 1.97475 , 1 , 0 , 0 , 0 , 0 , 0 , 0 , 0 , 0 , 0 )
( cnx_slice1 , 1 , 1.97476 , 1 , 12000000 , 3035056 , 1323677 , 10000 , 6000 , 3000 , 260 , 1500 , 800 )
( cnx_main , 1 , 2.0264 , 1 , 10000 , 1200 , 500 , 100 , 120 , 50 , 10 , 12 , 5 )
( cnx_main , 0 , 2.02715 , 1 , 0 , 0 , 0 , 0 , 0 , 0 , 0 , 0 , 0 )
( cnx_slice1 , 0 , 2.02996 , 1 , 0 , 0 , 0 , 0 , 0 , 0 , 0 , 0 , 0 )
( cnx_slice1 , 1 , 2.02996 , 1 , 15039303 , 3235056 , 1623677 , 10500 , 6470 , 3247 , 270 , 1617 , 811 )
( cnx_slice1 , 0 , 2.09473 , 1 , 0 , 0 , 0 , 0 , 0 , 0 , 0 , 0 , 0 )
( cnx_slice2 , 1 , 2.09473 , 1 , 15039303 , 3235056 , 1623677 , 10500 , 6470 , 3247 , 270 , 1617 , 811 )
( cnx_main , 1 , 2.15139 , 1 , 10000 , 1200 , 500 , 100 , 120 , 50 , 10 , 12 , 5 )
( cnx_main , 0 , 2.15214 , 1 , 0 , 0 , 0 , 0 , 0 , 0 , 0 , 0 , 0 )
( cnx_slice2 , 0 , 2.16029 , 1 , 0 , 0 , 0 , 0 , 0 , 0 , 0 , 0 , 0 )
( cnx_slice2 , 1 , 2.16029 , 1 , 15039303 , 3235056 , 1623677 , 10500 , 6470 , 3247 , 270 , 1617 , 811 )
( cnx_slice2 , 0 , 2.22512 , 1 , 0 , 0 , 0 , 0 , 0 , 0 , 0 , 0 , 0 )
( cnx_slice1 , 1 , 2.22512 , 1 , 15039303 , 3235056 , 1623677 , 10500 , 6470 , 3247 , 270 , 1617 , 811 )
( cnx_main , 1 , 2.2764 , 1 , 10000 , 1200 , 500 , 100 , 120 , 50 , 10 , 12 , 5 )
( cnx_main , 0 , 2.27714 , 1 , 0 , 0 , 0 , 0 , 0 , 0 , 0 , 0 , 0 )
( cnx_slice1 , 0 , 2.29064 , 1 , 0 , 0 , 0 , 0 , 0 , 0 , 0 , 0 , 0 )
( cnx_slice1 , 1 , 2.29064 , 1 , 15039303 , 3235056 , 1623677 , 10500 , 6470 , 3247 , 270 , 1617 , 811 )
( cnx_slice1 , 0 , 2.3554 , 1 , 0 , 0 , 0 , 0 , 0 , 0 , 0 , 0 , 0 )
( cnx_slice2 , 1 , 2.3554 , 1 , 15039303 , 3235056 , 1623677 , 10500 , 6470 , 3247 , 270 , 1617 , 811 )
( cnx_main , 1 , 2.4014 , 1 , 10000 , 1200 , 500 , 100 , 120 , 50 , 10 , 12 , 5 )
( cnx_main , 0 , 2.40215 , 1 , 0 , 0 , 0 , 0 , 0 , 0 , 0 , 0 , 0 )
( cnx_slice2 , 0 , 2.42088 , 1 , 0 , 0 , 0 , 0 , 0 , 0 , 0 , 0 , 0 )
( cnx_slice2 , 1 , 2.42088 , 1 , 12000000 , 3035056 , 1323677 , 10000 , 6000 , 3000 , 260 , 1500 , 800 )
( cnx_slice2 , 0 , 2.47529 , 1 , 0 , 0 , 0 , 0 , 0 , 0 , 0 , 0 , 0 )
( cnx_slice1 , 1 , 2.47529 , 1 , 12000000 , 3035056 , 1323677 , 10000 , 6000 , 3000 , 260 , 1500 , 800 )
( cnx_main , 1 , 2.5264 , 1 , 10000 , 1200 , 500 , 100 , 120 , 50 , 10 , 12 , 5 )
( cnx_main , 0 , 2.52715 , 1 , 0 , 0 , 0 , 0 , 0 , 0 , 0 , 0 , 0 )
( cnx_slice1 , 0 , 2.53056 , 1 , 0 , 0 , 0 , 0 , 0 , 0 , 0 , 0 , 0 )
( cnx_slice1 , 1 , 2.53056 , 1 , 15039303 , 3235056 , 1623677 , 10500 , 6470 , 3247 , 270 , 1617 , 811 )
( cnx_slice1 , 0 , 2.59532 , 1 , 0 , 0 , 0 , 0 , 0 , 0 , 0 , 0 , 0 )
( cnx_slice2 , 1 , 2.59533 , 1 , 15039303 , 3235056 , 1623677 , 10500 , 6470 , 3247 , 270 , 1617 , 811 )
( cnx_main , 1 , 2.6514 , 1 , 10000 , 1200 , 500 , 100 , 120 , 50 , 10 , 12 , 5 )
( cnx_main , 0 , 2.65215 , 1 , 0 , 0 , 0 , 0 , 0 , 0 , 0 , 0 , 0 )
( cnx_slice2 , 0 , 2.66085 , 1 , 0 , 0 , 0 , 0 , 0 , 0 , 0 , 0 , 0 )
( cnx_slice2 , 1 , 2.66085 , 1 , 15039303 , 3235056 , 1623677 , 10500 , 6470 , 3247 , 270 , 1617 , 811 )
( cnx_slice2 , 0 , 2.72573 , 1 , 0 , 0 , 0 , 0 , 0 , 0 , 0 , 0 , 0 )
( cnx_slice1 , 1 , 2.72573 , 1 , 15039303 , 3235056 , 1623677 , 10500 , 6470 , 3247 , 270 , 1617 , 811 )
( cnx_main , 1 , 2.7764 , 1 , 10000 , 1200 , 500 , 100 , 120 , 50 , 10 , 12 , 5 )
( cnx_main , 0 , 2.77715 , 1 , 0 , 0 , 0 , 0 , 0 , 0 , 0 , 0 , 0 )
( cnx_slice1 , 0 , 2.79123 , 1 , 0 , 0 , 0 , 0 , 0 , 0 , 0 , 0 , 0 )
( cnx_slice1 , 1 , 2.79123 , 1 , 15039303 , 3235056 , 1623677 , 10500 , 6470 , 3247 , 270 , 1617 , 811 )
( cnx_slice1 , 0 , 2.85607 , 1 , 0 , 0 , 0 , 0 , 0 , 0 , 0 , 0 , 0 )
( cnx_slice2 , 1 , 2.85607 , 1 , 15039303 , 3235056 , 1623677 , 10500 , 6470 , 3247 , 270 , 1617 , 811 )
( cnx_main , 1 , 2.9014 , 1 , 10000 , 1200 , 500 , 100 , 120 , 50 , 10 , 12 , 5 )
( cnx_main , 0 , 2.90215 , 1 , 0 , 0 , 0 , 0 , 0 , 0 , 0 , 0 , 0 )
( cnx_slice2 , 0 , 2.92154 , 1 , 0 , 0 , 0 , 0 , 0 , 0 , 0 , 0 , 0 )
( cnx_slice2 , 1 , 2.92154 , 1 , 12000000 , 3035056 , 1323677 , 10000 , 6000 , 3000 , 260 , 1500 , 800 )
( cnx_slice2 , 0 , 2.97607 , 1 , 0 , 0 , 0 , 0 , 0 , 0 , 0 , 0 , 0 )
( cnx_slice1 , 1 , 2.97607 , 1 , 12000000 , 3035056 , 1323677 , 10000 , 6000 , 3000 , 260 , 1500 , 800 )
