( cnx_main , 1 , 0.027516 , 1 , 10000 , 1200 , 500 , 100 , 120 , 50 , 10 , 12 , 5 )
( cnx_main , 0 , 0.028293 , 1 , 0 , 0 , 0 , 0 , 0 , 0 , 0 , 0 , 0 )
( cnx_slice1 , 1 , 0.0283 , 1 , 15039303 , 3235056 , 1623677 , 10500 , 6470 , 3247 , 270 , 1617 , 811 )
( cnx_slice1 , 0 , 0.093538 , 1 , 0 , 0 , 0 , 0 , 0 , 0 , 0 , 0 , 0 )
( cnx_slice2 , 1 , 0.093547 , 1 , 15039303 , 3235056 , 1623677 , 10500 , 6470 , 3247 , 270 , 1617 , 811 )
( cnx_main , 1 , 0.152485 , 1 , 10000 , 1200 , 500 , 100 , 120 , 50 , 10 , 12 , 5 )
( cnx_main , 0 , 0.15324 , 1 , 0 , 0 , 0 , 0 , 0 , 0 , 0 , 0 , 0 )
( cnx_slice2 , 0 , 0.159552 , 1 , 0 , 0 , 0 , 0 , 0 , 0 , 0 , 0 , 0 )
( cnx_slice2 , 1 , 0.159553 , 1 , 15039303 , 3235056 , 1623677 , 10500 , 6470 , 3247 , 270 , 1617 , 811 )
( cnx_slice2 , 0 , 0.224827 , 1 , 0 , 0 , 0 , 0 , 0 , 0 , 0 , 0 , 0 )
( cnx_slice1 , 1 , 0.224831 , 1 , 15039303 , 3235056 , 1623677 , 10500 , 6470 , 3247 , 270 , 1617 , 811 )
( cnx_main , 1 , 0.277487 , 1 , 10000 , 1200 , 500 , 100 , 120 , 50 , 10 , 12 , 5 )
( cnx_main , 0 , 0.278243 , 1 , 0 , 0 , 0 , 0 , 0 , 0 , 0 , 0 , 0 )
( cnx_slice1 , 0 , 0.290718 , 1 , 0 , 0 , 0 , 0 , 0 , 0 , 0 , 0 , 0 )
( cnx_slice1 , 1 , 0.290719 , 1 , 15039303 , 3235056 , 1623677 , 10500 , 6470 , 3247 , 270 , 1617 , 811 )
( cnx_slice1 , 0 , 0.35588 , 1 , 0 , 0 , 0 , 0 , 0 , 0 , 0 , 0 , 0 )
( cnx_slice2 , 1 , 0.355884 , 1 , 15039303 , 3235056 , 1623677 , 10500 , 6470 , 3247 , 270 , 1617 , 811 )
( cnx_main , 1 , 0.402475 , 1 , 10000 , 1200 , 500 , 100 , 120 , 50 , 10 , 12 , 5 )
( cnx_main , 0 , 0.40323 , 1 , 0 , 0 , 0 , 0 , 0 , 0 , 0 , 0 , 0 )
( cnx_slice2 , 0 , 0.422063 , 1 , 0 , 0 , 0 , 0 , 0 , 0 , 0 , 0 , 0 )
( cnx_slice2 , 1 , 0.422065 , 1 , 12000000 , 3035056 , 1323677 , 10000 , 6000 , 3000 , 260 , 1500 , 800 )
( cnx_slice2 , 0 , 0.477024 , 1 , 0 , 0 , 0 , 0 , 0 , 0 , 0 , 0 , 0 )
( cnx_slice1 , 1 , 0.477028 , 1 , 12000000 , 3035056 , 1323677 , 10000 , 6000 , 3000 , 260 , 1500 , 800 )
( cnx_main , 1 , 0.527487 , 1 , 10000 , 1200 , 500 , 100 , 120 , 50 , 10 , 12 , 5 )
( cnx_main , 0 , 0.528247 , 1 , 0 , 0 , 0 , 0 , 0 , 0 , 0 , 0 , 0 )
( cnx_slice1 , 0 , 0.532693 , 1 , 0 , 0 , 0 , 0 , 0 , 0 , 0 , 0 , 0 )
( cnx_slice1 , 1 , 0.532694 , 1 , 15039303 , 3235056 , 1623677 , 10500 , 6470 , 3247 , 270 , 1617 , 811 )
( cnx_slice1 , 0 , 0.597819 , 1 , 0 , 0 , 0 , 0 , 0 , 0 , 0 , 0 , 0 )
( cnx_slice2 , 1 , 0.597821 , 1 , 15039303 , 3235056 , 1623677 , 10500 , 6470 , 3247 , 270 , 1617 , 811 )
( cnx_main , 1 , 0.652486 , 1 , 10000 , 1200 , 500 , 100 , 120 , 50 , 10 , 12 , 5 )
( cnx_main , 0 , 0.653241 , 1 , 0 , 0 , 0 , 0 , 0 , 0 , 0 , 0 , 0 )
( cnx_slice2 , 0 , 0.663759 , 1 , 0 , 0 , 0 , 0 , 0 , 0 , 0 , 0 , 0 )
( cnx_slice2 , 1 , 0.66376 , 1 , 15039303 , 3235056 , 1623677 , 10500 , 6470 , 3247 , 270 , 1617 , 811 )
( cnx_slice2 , 0 , 0.729005 , 1 , 0 , 0 , 0 , 0 , 0 , 0 , 0 , 0 , 0 )
( cnx_slice1 , 1 , 0.729008 , 1 , 15039303 , 3235056 , 1623677 , 10500 , 6470 , 3247 , 270 , 1617 , 811 )
( cnx_main , 1 , 0.77747 , 1 , 10000 , 1200 , 500 , 100 , 120 , 50 , 10 , 12 , 5 )
( cnx_main , 0 , 0.778226 , 1 , 0 , 0 , 0 , 0 , 0 , 0 , 0 , 0 , 0 )
( cnx_slice1 , 0 , 0.79502 , 1 , 0 , 0 , 0 , 0 , 0 , 0 , 0 , 0 , 0 )
( cnx_slice1 , 1 , 0.795021 , 1 , 15039303 , 3235056 , 1623677 , 10500 , 6470 , 3247 , 270 , 1617 , 811 )
( cnx_slice1 , 0 , 0.860086 , 1 , 0 , 0 , 0 , 0 , 0 , 0 , 0 , 0 , 0 )
( cnx_slice2 , 1 , 0.86009 , 1 , 15039303 , 3235056 , 1623677 , 10500 , 6470 , 3247 , 270 , 1617 , 811 )
( cnx_main , 1 , 0.90247 , 1 , 10000 , 1200 , 500 , 100 , 120 , 50 , 10 , 12 , 5 )
( cnx_main , 0 , 0.903225 , 1 , 0 , 0 , 0 , 0 , 0 , 0 , 0 , 0 , 0 )
( cnx_slice2 , 0 , 0.926063 , 1 , 0 , 0 , 0 , 0 , 0 , 0 , 0 , 0 , 0 )
( cnx_slice2 , 1 , 0.926064 , 1 , 12000000 , 3035056 , 1323677 , 10000 , 6000 , 3000 , 260 , 1500 , 800 )
( cnx_slice2 , 0 , 0.980938 , 1 , 0 , 0 , 0 , 0 , 0 , 0 , 0 , 0 , 0 )
( cnx_slice1 , 1 , 0.980942 , 1 , 12000000 , 3035056 , 1323677 , 10000 , 6000 , 3000 , 260 , 1500 , 800 )
( cnx_main , 1 , 1.02749 , 1 , 10000 , 1200 , 500 , 100 , 120 , 50 , 10 , 12 , 5 )
( cnx_main , 0 , 1.02824 , 1 , 0 , 0 , 0 , 0 , 0 , 0 , 0 , 0 , 0 )
( cnx_slice1 , 0 , 1.03656 , 1 , 0 , 0 , 0 , 0 , 0 , 0 , 0 , 0 , 0 )
( cnx_slice1 , 1 , 1.03656 , 1 , 15039303 , 3235056 , 1623677 , 10500 , 6470 , 3247 , 270 , 1617 , 811 )
( cnx_slice1 , 0 , 1.10166 , 1 , 0 , 0 , 0 , 0 , 0 , 0 , 0 , 0 , 0 )
( cnx_slice2 , 1 , 1.10166 , 1 , 15039303 , 3235056 , 1623677 , 10500 , 6470 , 3247 , 270 , 1617 , 811 )
( cnx_main , 1 , 1.15248 , 1 , 10000 , 1200 , 500 , 100 , 120 , 50 , 10 , 12 , 5 )
( cnx_main , 0 , 1.15324 , 1 , 0 , 0 , 0 , 0 , 0 , 0 , 0 , 0 , 0 )
( cnx_slice2 , 0 , 1.16763 , 1 , 0 , 0 , 0 , 0 , 0 , 0 , 0 , 0 , 0 )
( cnx_slice2 , 1 , 1.16763 , 1 , 15039303 , 3235056 , 1623677 , 10500 , 6470 , 3247 , 270 , 1617 , 811 )
( cnx_slice2 , 0 , 1.23287 , 1 , 0 , 0 , 0 , 0 , 0 , 0 , 0 , 0 , 0 )
( cnx_slice1 , 1 , 1.23288 , 1 , 15039303 , 3235056 , 1623677 , 10500 , 6470 , 3247 , 270 , 1617 , 811 )
( cnx_main , 1 , 1.27747 , 1 , 10000 , 1200 , 500 , 100 , 120 , 50 , 10 , 12 , 5 )
( cnx_main , 0 , 1.27823 , 1 , 0 , 0 , 0 , 0 , 0 , 0 , 0 , 0 , 0 )
( cnx_slice1 , 0 , 1.29874 , 1 , 0 , 0 , 0 , 0 , 0 , 0 , 0 , 0 , 0 )
( cnx_slice1 , 1 , 1.29874 , 1 , 15039303 , 3235056 , 1623677 , 10500 , 6470 , 3247 , 270 , 1617 , 811 )
( cnx_slice1 , 0 , 1.36388 , 1 , 0 , 0 , 0 , 0 , 0 , 0 , 0 , 0 , 0 )
( cnx_slice2 , 1 , 1.36388 , 1 , 15039303 , 3235056 , 1623677 , 10500 , 6470 , 3247 , 270 , 1617 , 811 )
( cnx_main , 1 , 1.40248 , 1 , 10000 , 1200 , 500 , 100 , 120 , 50 , 10 , 12 , 5 )
( cnx_main , 0 , 1.40324 , 1 , 0 , 0 , 0 , 0 , 0 , 0 , 0 , 0 , 0 )
( cnx_slice2 , 0 , 1.42984 , 1 , 0 , 0 , 0 , 0 , 0 , 0 , 0 , 0 , 0 )
( cnx_slice2 , 1 , 1.42984 , 1 , 12000000 , 3035056 , 1323677 , 10000 , 6000 , 3000 , 260 , 1500 , 800 )
( cnx_slice2 , 0 , 1.48483 , 1 , 0 , 0 , 0 , 0 , 0 , 0 , 0 , 0 , 0 )
( cnx_slice1 , 1 , 1.48483 , 1 , 12000000 , 3035056 , 1323677 , 10000 , 6000 , 3000 , 260 , 1500 , 800 )
( cnx_main , 1 , 1.52748 , 1 , 10000 , 1200 , 500 , 100 , 120 , 50 , 10 , 12 , 5 )
( cnx_main , 0 , 1.52824 , 1 , 0 , 0 , 0 , 0 , 0 , 0 , 0 , 0 , 0 )
( cnx_slice1 , 0 , 1.54035 , 1 , 0 , 0 , 0 , 0 , 0 , 0 , 0 , 0 , 0 )
( cnx_slice1 , 1 , 1.54035 , 1 , 15039303 , 3235056 , 1623677 , 10500 , 6470 , 3247 , 270 , 1617 , 811 )
( cnx_slice1 , 0 , 1.60547 , 1 , 0 , 0 , 0 , 0 , 0 , 0 , 0 , 0 , 0 )
( cnx_slice2 , 1 , 1.60547 , 1 , 15039303 , 3235056 , 1623677 , 10500 , 6470 , 3247 , 270 , 1617 , 811 )
( cnx_main , 1 , 1.65248 , 1 , 10000 , 1200 , 500 , 100 , 120 , 50 , 10 , 12 , 5 )
( cnx_main , 0 , 1.65324 , 1 , 0 , 0 , 0 , 0 , 0 , 0 , 0 , 0 , 0 )
( cnx_slice2 , 0 , 1.67139 , 1 , 0 , 0 , 0 , 0 , 0 , 0 , 0 , 0 , 0 )
( cnx_slice2 , 1 , 1.6714 , 1 , 15039303 , 3235056 , 1623677 , 10500 , 6470 , 3247 , 270 , 1617 , 811 )
( cnx_slice2 , 0 , 1.7367 , 1 , 0 , 0 , 0 , 0 , 0 , 0 , 0 , 0 , 0 )
( cnx_slice1 , 1 , 1.7367 , 1 , 15039303 , 3235056 , 1623677 , 10500 , 6470 , 3247 , 270 , 1617 , 811 )
( cnx_main , 1 , 1.77748 , 1 , 10000 , 1200 , 500 , 100 , 120 , 50 , 10 , 12 , 5 )
( cnx_main , 0 , 1.77824 , 1 , 0 , 0 , 0 , 0 , 0 , 0 , 0 , 0 , 0 )
( cnx_slice1 , 0 , 1.80269 , 1 , 0 , 0 , 0 , 0 , 0 , 0 , 0 , 0 , 0 )
( cnx_slice1 , 1 , 1.80269 , 1 , 15039303 , 3235056 , 1623677 , 10500 , 6470 , 3247 , 270 , 1617 , 811 )
( cnx_slice1 , 0 , 1.86776 , 1 , 0 , 0 , 0 , 0 , 0 , 0 , 0 , 0 , 0 )
( cnx_slice2 , 1 , 1.86776 , 1 , 15039303 , 3235056 , 1623677 , 10500 , 6470 , 3247 , 270 , 1617 , 811 )
( cnx_main , 1 , 1.90248 , 1 , 10000 , 1200 , 500 , 100 , 120 , 50 , 10 , 12 , 5 )
( cnx_main , 0 , 1.90323 , 1 , 0 , 0 , 0 , 0 , 0 , 0 , 0 , 0 , 0 )
( cnx_slice2 , 0 , 1.93376 , 1 , 0 , 0 , 0 , 0 , 0 , 0 , 0 , 0 , 0 )
( cnx_slice2 , 1 , 1.93376 , 1 , 12000000 , 3035056 , 1323677 , 10000 , 6000 , 3000 , 260 , 1500 , 800 )
( cnx_slice2 , 0 , 1.98864 , 1 , 0 , 0 , 0 , 0 , 0 , 0 , 0 , 0 , 0 )
( cnx_slice1 , 1 , 1.98864 , 1 , 12000000 , 3035056 , 1323677 , 10000 , 6000 , 3000 , 260 , 1500 , 800 )
( cnx_main , 1 , 2.02747 , 1 , 10000 , 1200 , 500 , 100 , 120 , 50 , 10 , 12 , 5 )
( cnx_main , 0 , 2.02822 , 1 , 0 , 0 , 0 , 0 , 0 , 0 , 0 , 0 , 0 )
( cnx_slice1 , 0 , 2.0442 , 1 , 0 , 0 , 0 , 0 , 0 , 0 , 0 , 0 , 0 )
( cnx_slice1 , 1 , 2.04421 , 1 , 15039303 , 3235056 , 1623677 , 10500 , 6470 , 3247 , 270 , 1617 , 811 )
( cnx_slice1 , 0 , 2.10946 , 1 , 0 , 0 , 0 , 0 , 0 , 0 , 0 , 0 , 0 )
( cnx_slice2 , 1 , 2.10947 , 1 , 15039303 , 3235056 , 1623677 , 10500 , 6470 , 3247 , 270 , 1617 , 811 )
( cnx_main , 1 , 2.15247 , 1 , 10000 , 1200 , 500 , 100 , 120 , 50 , 10 , 12 , 5 )
( cnx_main , 0 , 2.15323 , 1 , 0 , 0 , 0 , 0 , 0 , 0 , 0 , 0 , 0 )
( cnx_slice2 , 0 , 2.17538 , 1 , 0 , 0 , 0 , 0 , 0 , 0 , 0 , 0 , 0 )
( cnx_slice2 , 1 , 2.17538 , 1 , 15039303 , 3235056 , 1623677 , 10500 , 6470 , 3247 , 270 , 1617 , 811 )
( cnx_slice2 , 0 , 2.24062 , 1 , 0 , 0 , 0 , 0 , 0 , 0 , 0 , 0 , 0 )
( cnx_slice1 , 1 , 2.24062 , 1 , 15039303 , 3235056 , 1623677 , 10500 , 6470 , 3247 , 270 , 1617 , 811 )
( cnx_main , 1 , 2.27747 , 1 , 10000 , 1200 , 500 , 100 , 120 , 50 , 10 , 12 , 5 )
( cnx_main , 0 , 2.27823 , 1 , 0 , 0 , 0 , 0 , 0 , 0 , 0 , 0 , 0 )
( cnx_slice1 , 0 , 2.30652 , 1 , 0 , 0 , 0 , 0 , 0 , 0 , 0 , 0 , 0 )
( cnx_slice1 , 1 , 2.30652 , 1 , 15039303 , 3235056 , 1623677 , 10500 , 6470 , 3247 , 270 , 1617 , 811 )
( cnx_slice1 , 0 , 2.37164 , 1 , 0 , 0 , 0 , 0 , 0 , 0 , 0 , 0 , 0 )
( cnx_slice2 , 1 , 2.37165 , 1 , 15039303 , 3235056 , 1623677 , 10500 , 6470 , 3247 , 270 , 1617 , 811 )
( cnx_main , 1 , 2.40248 , 1 , 10000 , 1200 , 500 , 100 , 120 , 50 , 10 , 12 , 5 )
( cnx_main , 0 , 2.40324 , 1 , 0 , 0 , 0 , 0 , 0 , 0 , 0 , 0 , 0 )
( cnx_slice2 , 0 , 2.43753 , 1 , 0 , 0 , 0 , 0 , 0 , 0 , 0 , 0 , 0 )
( cnx_slice2 , 1 , 2.43753 , 1 , 12000000 , 3035056 , 1323677 , 10000 , 6000 , 3000 , 260 , 1500 , 800 )
( cnx_slice2 , 0 , 2.49245 , 1 , 0 , 0 , 0 , 0 , 0 , 0 , 0 , 0 , 0 )
( cnx_slice1 , 1 , 2.49246 , 1 , 12000000 , 3035056 , 1323677 , 10000 , 6000 , 3000 , 260 , 1500 , 800 )
( cnx_main , 1 , 2.52748 , 1 , 10000 , 1200 , 500 , 100 , 120 , 50 , 10 , 12 , 5 )
( cnx_main , 0 , 2.52824 , 1 , 0 , 0 , 0 , 0 , 0 , 0 , 0 , 0 , 0 )
( cnx_slice1 , 0 , 2.54797 , 1 , 0 , 0 , 0 , 0 , 0 , 0 , 0 , 0 , 0 )
( cnx_slice1 , 1 , 2.54797 , 1 , 15039303 , 3235056 , 1623677 , 10500 , 6470 , 3247 , 270 , 1617 , 811 )
( cnx_slice1 , 0 , 2.61312 , 1 , 0 , 0 , 0 , 0 , 0 , 0 , 0 , 0 , 0 )
( cnx_slice2 , 1 , 2.61312 , 1 , 15039303 , 3235056 , 1623677 , 10500 , 6470 , 3247 , 270 , 1617 , 811 )
( cnx_main , 1 , 2.65248 , 1 , 10000 , 1200 , 500 , 100 , 120 , 50 , 10 , 12 , 5 )
( cnx_main , 0 , 2.65324 , 1 , 0 , 0 , 0 , 0 , 0 , 0 , 0 , 0 , 0 )
( cnx_slice2 , 0 , 2.679 , 1 , 0 , 0 , 0 , 0 , 0 , 0 , 0 , 0 , 0 )
( cnx_slice2 , 1 , 2.679 , 1 , 15039303 , 3235056 , 1623677 , 10500 , 6470 , 3247 , 270 , 1617 , 811 )
( cnx_slice2 , 0 , 2.74421 , 1 , 0 , 0 , 0 , 0 , 0 , 0 , 0 , 0 , 0 )
( cnx_slice1 , 1 , 2.74421 , 1 , 15039303 , 3235056 , 1623677 , 10500 , 6470 , 3247 , 270 , 1617 , 811 )
( cnx_main , 1 , 2.77748 , 1 , 10000 , 1200 , 500 , 100 , 120 , 50 , 10 , 12 , 5 )
( cnx_main , 0 , 2.77824 , 1 , 0 , 0 , 0 , 0 , 0 , 0 , 0 , 0 , 0 )
( cnx_slice1 , 0 , 2.81012 , 1 , 0 , 0 , 0 , 0 , 0 , 0 , 0 , 0 , 0 )
( cnx_slice1 , 1 , 2.81012 , 1 , 15039303 , 3235056 , 1623677 , 10500 , 6470 , 3247 , 270 , 1617 , 811 )
( cnx_slice1 , 0 , 2.87527 , 1 , 0 , 0 , 0 , 0 , 0 , 0 , 0 , 0 , 0 )
( cnx_slice2 , 1 , 2.87528 , 1 , 15039303 , 3235056 , 1623677 , 10500 , 6470 , 3247 , 270 , 1617 , 811 )
( cnx_main , 1 , 2.90247 , 1 , 10000 , 1200 , 500 , 100 , 120 , 50 , 10 , 12 , 5 )
( cnx_main , 0 , 2.90323 , 1 , 0 , 0 , 0 , 0 , 0 , 0 , 0 , 0 , 0 )
( cnx_slice2 , 0 , 2.94124 , 1 , 0 , 0 , 0 , 0 , 0 , 0 , 0 , 0 , 0 )
( cnx_slice2 , 1 , 2.94124 , 1 , 12000000 , 3035056 , 1323677 , 10000 , 6000 , 3000 , 260 , 1500 , 800 )
( cnx_slice2 , 0 , 2.99609 , 1 , 0 , 0 , 0 , 0 , 0 , 0 , 0 , 0 , 0 )
( cnx_slice1 , 1 , 2.99609 , 1 , 12000000 , 3035056 , 1323677 , 10000 , 6000 , 3000 , 260 , 1500 , 800 )
