( cnx_main , 1 , 0.027335 , 1 , 10000 , 1200 , 500 , 100 , 120 , 50 , 10 , 12 , 5 )
( cnx_main , 0 , 0.028138 , 1 , 0 , 0 , 0 , 0 , 0 , 0 , 0 , 0 , 0 )
( cnx_slice1 , 1 , 0.028146 , 1 , 15039303 , 3235056 , 1623677 , 10500 , 6470 , 3247 , 270 , 1617 , 811 )
( cnx_slice1 , 0 , 0.093423 , 1 , 0 , 0 , 0 , 0 , 0 , 0 , 0 , 0 , 0 )
( cnx_slice2 , 1 , 0.093429 , 1 , 15039303 , 3235056 , 1623677 , 10500 , 6470 , 3247 , 270 , 1617 , 811 )
( cnx_main , 1 , 0.152311 , 1 , 10000 , 1200 , 500 , 100 , 120 , 50 , 10 , 12 , 5 )
( cnx_main , 0 , 0.15307 , 1 , 0 , 0 , 0 , 0 , 0 , 0 , 0 , 0 , 0 )
( cnx_slice2 , 0 , 0.15952 , 1 , 0 , 0 , 0 , 0 , 0 , 0 , 0 , 0 , 0 )
( cnx_slice2 , 1 , 0.159521 , 1 , 15039303 , 3235056 , 1623677 , 10500 , 6470 , 3247 , 270 , 1617 , 811 )
( cnx_slice2 , 0 , 0.224928 , 1 , 0 , 0 , 0 , 0 , 0 , 0 , 0 , 0 , 0 )
( cnx_slice1 , 1 , 0.224931 , 1 , 15039303 , 3235056 , 1623677 , 10500 , 6470 , 3247 , 270 , 1617 , 811 )
( cnx_main , 1 , 0.277311 , 1 , 10000 , 1200 , 500 , 100 , 120 , 50 , 10 , 12 , 5 )
( cnx_main , 0 , 0.278068 , 1 , 0 , 0 , 0 , 0 , 0 , 0 , 0 , 0 , 0 )
( cnx_slice1 , 0 , 0.291044 , 1 , 0 , 0 , 0 , 0 , 0 , 0 , 0 , 0 , 0 )
( cnx_slice1 , 1 , 0.291045 , 1 , 15039303 , 3235056 , 1623677 , 10500 , 6470 , 3247 , 270 , 1617 , 811 )
( cnx_slice1 , 0 , 0.356293 , 1 , 0 , 0 , 0 , 0 , 0 , 0 , 0 , 0 , 0 )
( cnx_slice2 , 1 , 0.356296 , 1 , 15039303 , 3235056 , 1623677 , 10500 , 6470 , 3247 , 270 , 1617 , 811 )
( cnx_main , 1 , 0.402312 , 1 , 10000 , 1200 , 500 , 100 , 120 , 50 , 10 , 12 , 5 )
( cnx_main , 0 , 0.403072 , 1 , 0 , 0 , 0 , 0 , 0 , 0 , 0 , 0 , 0 )
( cnx_slice2 , 0 , 0.422432 , 1 , 0 , 0 , 0 , 0 , 0 , 0 , 0 , 0 , 0 )
( cnx_slice2 , 1 , 0.422433 , 1 , 12000000 , 3035056 , 1323677 , 10000 , 6000 , 3000 , 260 , 1500 , 800 )
( cnx_slice2 , 0 , 0.477538 , 1 , 0 , 0 , 0 , 0 , 0 , 0 , 0 , 0 , 0 )
( cnx_slice1 , 1 , 0.477542 , 1 , 12000000 , 3035056 , 1323677 , 10000 , 6000 , 3000 , 260 , 1500 , 800 )
( cnx_main , 1 , 0.527303 , 1 , 10000 , 1200 , 500 , 100 , 120 , 50 , 10 , 12 , 5 )
( cnx_main , 0 , 0.528058 , 1 , 0 , 0 , 0 , 0 , 0 , 0 , 0 , 0 , 0 )
( cnx_slice1 , 0 , 0.533219 , 1 , 0 , 0 , 0 , 0 , 0 , 0 , 0 , 0 , 0 )
( cnx_slice1 , 1 , 0.53322 , 1 , 15039303 , 3235056 , 1623677 , 10500 , 6470 , 3247 , 270 , 1617 , 811 )
( cnx_slice1 , 0 , 0.598562 , 1 , 0 , 0 , 0 , 0 , 0 , 0 , 0 , 0 , 0 )
( cnx_slice2 , 1 , 0.598565 , 1 , 15039303 , 3235056 , 1623677 , 10500 , 6470 , 3247 , 270 , 1617 , 811 )
( cnx_main , 1 , 0.65231 , 1 , 10000 , 1200 , 500 , 100 , 120 , 50 , 10 , 12 , 5 )
( cnx_main , 0 , 0.653075 , 1 , 0 , 0 , 0 , 0 , 0 , 0 , 0 , 0 , 0 )
( cnx_slice2 , 0 , 0.664749 , 1 , 0 , 0 , 0 , 0 , 0 , 0 , 0 , 0 , 0 )
( cnx_slice2 , 1 , 0.66475 , 1 , 15039303 , 3235056 , 1623677 , 10500 , 6470 , 3247 , 270 , 1617 , 811 )
( cnx_slice2 , 0 , 0.730225 , 1 , 0 , 0 , 0 , 0 , 0 , 0 , 0 , 0 , 0 )
( cnx_slice1 , 1 , 0.730228 , 1 , 15039303 , 3235056 , 1623677 , 10500 , 6470 , 3247 , 270 , 1617 , 811 )
( cnx_main , 1 , 0.7773 , 1 , 10000 , 1200 , 500 , 100 , 120 , 50 , 10 , 12 , 5 )
( cnx_main , 0 , 0.778057 , 1 , 0 , 0 , 0 , 0 , 0 , 0 , 0 , 0 , 0 )
( cnx_slice1 , 0 , 0.7963 , 1 , 0 , 0 , 0 , 0 , 0 , 0 , 0 , 0 , 0 )
( cnx_slice1 , 1 , 0.7963 , 1 , 15039303 , 3235056 , 1623677 , 10500 , 6470 , 3247 , 270 , 1617 , 811 )
( cnx_slice1 , 0 , 0.861621 , 1 , 0 , 0 , 0 , 0 , 0 , 0 , 0 , 0 , 0 )
( cnx_slice2 , 1 , 0.861625 , 1 , 15039303 , 3235056 , 1623677 , 10500 , 6470 , 3247 , 270 , 1617 , 811 )
( cnx_main , 1 , 0.902304 , 1 , 10000 , 1200 , 500 , 100 , 120 , 50 , 10 , 12 , 5 )
( cnx_main , 0 , 0.903069 , 1 , 0 , 0 , 0 , 0 , 0 , 0 , 0 , 0 , 0 )
( cnx_slice2 , 0 , 0.927737 , 1 , 0 , 0 , 0 , 0 , 0 , 0 , 0 , 0 , 0 )
( cnx_slice2 , 1 , 0.927739 , 1 , 12000000 , 3035056 , 1323677 , 10000 , 6000 , 3000 , 260 , 1500 , 800 )
( cnx_slice2 , 0 , 0.982823 , 1 , 0 , 0 , 0 , 0 , 0 , 0 , 0 , 0 , 0 )
( cnx_slice1 , 1 , 0.982827 , 1 , 12000000 , 3035056 , 1323677 , 10000 , 6000 , 3000 , 260 , 1500 , 800 )
( cnx_main , 1 , 1.02731 , 1 , 10000 , 1200 , 500 , 100 , 120 , 50 , 10 , 12 , 5 )
( cnx_main , 0 , 1.02807 , 1 , 0 , 0 , 0 , 0 , 0 , 0 , 0 , 0 , 0 )
( cnx_slice1 , 0 , 1.03861 , 1 , 0 , 0 , 0 , 0 , 0 , 0 , 0 , 0 , 0 )
( cnx_slice1 , 1 , 1.03861 , 1 , 15039303 , 3235056 , 1623677 , 10500 , 6470 , 3247 , 270 , 1617 , 811 )
( cnx_slice1 , 0 , 1.10404 , 1 , 0 , 0 , 0 , 0 , 0 , 0 , 0 , 0 , 0 )
( cnx_slice2 , 1 , 1.10404 , 1 , 15039303 , 3235056 , 1623677 , 10500 , 6470 , 3247 , 270 , 1617 , 811 )
( cnx_main , 1 , 1.15231 , 1 , 10000 , 1200 , 500 , 100 , 120 , 50 , 10 , 12 , 5 )
( cnx_main , 0 , 1.15307 , 1 , 0 , 0 , 0 , 0 , 0 , 0 , 0 , 0 , 0 )
( cnx_slice2 , 0 , 1.17017 , 1 , 0 , 0 , 0 , 0 , 0 , 0 , 0 , 0 , 0 )
( cnx_slice2 , 1 , 1.17017 , 1 , 15039303 , 3235056 , 1623677 , 10500 , 6470 , 3247 , 270 , 1617 , 811 )
( cnx_slice2 , 0 , 1.23551 , 1 , 0 , 0 , 0 , 0 , 0 , 0 , 0 , 0 , 0 )
( cnx_slice1 , 1 , 1.23552 , 1 , 15039303 , 3235056 , 1623677 , 10500 , 6470 , 3247 , 270 , 1617 , 811 )
( cnx_main , 1 , 1.27731 , 1 , 10000 , 1200 , 500 , 100 , 120 , 50 , 10 , 12 , 5 )
( cnx_main , 0 , 1.27807 , 1 , 0 , 0 , 0 , 0 , 0 , 0 , 0 , 0 , 0 )
( cnx_slice1 , 0 , 1.3016 , 1 , 0 , 0 , 0 , 0 , 0 , 0 , 0 , 0 , 0 )
( cnx_slice1 , 1 , 1.30161 , 1 , 15039303 , 3235056 , 1623677 , 10500 , 6470 , 3247 , 270 , 1617 , 811 )
( cnx_slice1 , 0 , 1.36688 , 1 , 0 , 0 , 0 , 0 , 0 , 0 , 0 , 0 , 0 )
( cnx_slice2 , 1 , 1.36688 , 1 , 15039303 , 3235056 , 1623677 , 10500 , 6470 , 3247 , 270 , 1617 , 811 )
( cnx_main , 1 , 1.4023 , 1 , 10000 , 1200 , 500 , 100 , 120 , 50 , 10 , 12 , 5 )
( cnx_main , 0 , 1.40307 , 1 , 0 , 0 , 0 , 0 , 0 , 0 , 0 , 0 , 0 )
( cnx_slice2 , 0 , 1.43305 , 1 , 0 , 0 , 0 , 0 , 0 , 0 , 0 , 0 , 0 )
( cnx_slice2 , 1 , 1.43306 , 1 , 12000000 , 3035056 , 1323677 , 10000 , 6000 , 3000 , 260 , 1500 , 800 )
( cnx_slice2 , 0 , 1.48808 , 1 , 0 , 0 , 0 , 0 , 0 , 0 , 0 , 0 , 0 )
( cnx_slice1 , 1 , 1.48808 , 1 , 12000000 , 3035056 , 1323677 , 10000 , 6000 , 3000 , 260 , 1500 , 800 )
( cnx_main , 1 , 1.5273 , 1 , 10000 , 1200 , 500 , 100 , 120 , 50 , 10 , 12 , 5 )
( cnx_main , 0 , 1.52806 , 1 , 0 , 0 , 0 , 0 , 0 , 0 , 0 , 0 , 0 )
( cnx_slice1 , 0 , 1.5438 , 1 , 0 , 0 , 0 , 0 , 0 , 0 , 0 , 0 , 0 )
( cnx_slice1 , 1 , 1.54381 , 1 , 15039303 , 3235056 , 1623677 , 10500 , 6470 , 3247 , 270 , 1617 , 811 )
( cnx_slice1 , 0 , 1.60912 , 1 , 0 , 0 , 0 , 0 , 0 , 0 , 0 , 0 , 0 )
( cnx_slice2 , 1 , 1.60912 , 1 , 15039303 , 3235056 , 1623677 , 10500 , 6470 , 3247 , 270 , 1617 , 811 )
( cnx_main , 1 , 1.65231 , 1 , 10000 , 1200 , 500 , 100 , 120 , 50 , 10 , 12 , 5 )
( cnx_main , 0 , 1.65307 , 1 , 0 , 0 , 0 , 0 , 0 , 0 , 0 , 0 , 0 )
( cnx_slice2 , 0 , 1.67528 , 1 , 0 , 0 , 0 , 0 , 0 , 0 , 0 , 0 , 0 )
( cnx_slice2 , 1 , 1.67528 , 1 , 15039303 , 3235056 , 1623677 , 10500 , 6470 , 3247 , 270 , 1617 , 811 )
( cnx_slice2 , 0 , 1.7407 , 1 , 0 , 0 , 0 , 0 , 0 , 0 , 0 , 0 , 0 )
( cnx_slice1 , 1 , 1.74071 , 1 , 15039303 , 3235056 , 1623677 , 10500 , 6470 , 3247 , 270 , 1617 , 811 )
( cnx_main , 1 , 1.77731 , 1 , 10000 , 1200 , 500 , 100 , 120 , 50 , 10 , 12 , 5 )
( cnx_main , 0 , 1.77807 , 1 , 0 , 0 , 0 , 0 , 0 , 0 , 0 , 0 , 0 )
( cnx_slice1 , 0 , 1.80673 , 1 , 0 , 0 , 0 , 0 , 0 , 0 , 0 , 0 , 0 )
( cnx_slice1 , 1 , 1.80673 , 1 , 15039303 , 3235056 , 1623677 , 10500 , 6470 , 3247 , 270 , 1617 , 811 )
( cnx_slice1 , 0 , 1.87199 , 1 , 0 , 0 , 0 , 0 , 0 , 0 , 0 , 0 , 0 )
( cnx_slice2 , 1 , 1.872 , 1 , 15039303 , 3235056 , 1623677 , 10500 , 6470 , 3247 , 270 , 1617 , 811 )
( cnx_main , 1 , 1.90231 , 1 , 10000 , 1200 , 500 , 100 , 120 , 50 , 10 , 12 , 5 )
( cnx_main , 0 , 1.90306 , 1 , 0 , 0 , 0 , 0 , 0 , 0 , 0 , 0 , 0 )
( cnx_slice2 , 0 , 1.93811 , 1 , 0 , 0 , 0 , 0 , 0 , 0 , 0 , 0 , 0 )
( cnx_slice2 , 1 , 1.93812 , 1 , 12000000 , 3035056 , 1323677 , 10000 , 6000 , 3000 , 260 , 1500 , 800 )
( cnx_slice2 , 0 , 1.9933 , 1 , 0 , 0 , 0 , 0 , 0 , 0 , 0 , 0 , 0 )
( cnx_slice1 , 1 , 1.9933 , 1 , 12000000 , 3035056 , 1323677 , 10000 , 6000 , 3000 , 260 , 1500 , 800 )
( cnx_main , 1 , 2.02731 , 1 , 10000 , 1200 , 500 , 100 , 120 , 50 , 10 , 12 , 5 )
( cnx_main , 0 , 2.02806 , 1 , 0 , 0 , 0 , 0 , 0 , 0 , 0 , 0 , 0 )
( cnx_slice1 , 0 , 2.04908 , 1 , 0 , 0 , 0 , 0 , 0 , 0 , 0 , 0 , 0 )
( cnx_slice1 , 1 , 2.04909 , 1 , 15039303 , 3235056 , 1623677 , 10500 , 6470 , 3247 , 270 , 1617 , 811 )
( cnx_slice1 , 0 , 2.11444 , 1 , 0 , 0 , 0 , 0 , 0 , 0 , 0 , 0 , 0 )
( cnx_slice2 , 1 , 2.11444 , 1 , 15039303 , 3235056 , 1623677 , 10500 , 6470 , 3247 , 270 , 1617 , 811 )
( cnx_main , 1 , 2.15231 , 1 , 10000 , 1200 , 500 , 100 , 120 , 50 , 10 , 12 , 5 )
( cnx_main , 0 , 2.15307 , 1 , 0 , 0 , 0 , 0 , 0 , 0 , 0 , 0 , 0 )
( cnx_slice2 , 0 , 2.1805 , 1 , 0 , 0 , 0 , 0 , 0 , 0 , 0 , 0 , 0 )
( cnx_slice2 , 1 , 2.18051 , 1 , 15039303 , 3235056 , 1623677 , 10500 , 6470 , 3247 , 270 , 1617 , 811 )
( cnx_slice2 , 0 , 2.24593 , 1 , 0 , 0 , 0 , 0 , 0 , 0 , 0 , 0 , 0 )
( cnx_slice1 , 1 , 2.24593 , 1 , 15039303 , 3235056 , 1623677 , 10500 , 6470 , 3247 , 270 , 1617 , 811 )
( cnx_main , 1 , 2.27731 , 1 , 10000 , 1200 , 500 , 100 , 120 , 50 , 10 , 12 , 5 )
( cnx_main , 0 , 2.27807 , 1 , 0 , 0 , 0 , 0 , 0 , 0 , 0 , 0 , 0 )
( cnx_slice1 , 0 , 2.31201 , 1 , 0 , 0 , 0 , 0 , 0 , 0 , 0 , 0 , 0 )
( cnx_slice1 , 1 , 2.31201 , 1 , 15039303 , 3235056 , 1623677 , 10500 , 6470 , 3247 , 270 , 1617 , 811 )
( cnx_slice1 , 0 , 2.37723 , 1 , 0 , 0 , 0 , 0 , 0 , 0 , 0 , 0 , 0 )
( cnx_slice2 , 1 , 2.37724 , 1 , 15039303 , 3235056 , 1623677 , 10500 , 6470 , 3247 , 270 , 1617 , 811 )
( cnx_main , 1 , 2.40231 , 1 , 10000 , 1200 , 500 , 100 , 120 , 50 , 10 , 12 , 5 )
( cnx_main , 0 , 2.40307 , 1 , 0 , 0 , 0 , 0 , 0 , 0 , 0 , 0 , 0 )
( cnx_slice2 , 0 , 2.44338 , 1 , 0 , 0 , 0 , 0 , 0 , 0 , 0 , 0 , 0 )
( cnx_slice2 , 1 , 2.44338 , 1 , 12000000 , 3035056 , 1323677 , 10000 , 6000 , 3000 , 260 , 1500 , 800 )
( cnx_slice2 , 0 , 2.49837 , 1 , 0 , 0 , 0 , 0 , 0 , 0 , 0 , 0 , 0 )
( cnx_slice1 , 1 , 2.49837 , 1 , 12000000 , 3035056 , 1323677 , 10000 , 6000 , 3000 , 260 , 1500 , 800 )
( cnx_main , 1 , 2.52731 , 1 , 10000 , 1200 , 500 , 100 , 120 , 50 , 10 , 12 , 5 )
( cnx_main , 0 , 2.52806 , 1 , 0 , 0 , 0 , 0 , 0 , 0 , 0 , 0 , 0 )
( cnx_slice1 , 0 , 2.55403 , 1 , 0 , 0 , 0 , 0 , 0 , 0 , 0 , 0 , 0 )
( cnx_slice1 , 1 , 2.55403 , 1 , 15039303 , 3235056 , 1623677 , 10500 , 6470 , 3247 , 270 , 1617 , 811 )
( cnx_slice1 , 0 , 2.61936 , 1 , 0 , 0 , 0 , 0 , 0 , 0 , 0 , 0 , 0 )
( cnx_slice2 , 1 , 2.61936 , 1 , 15039303 , 3235056 , 1623677 , 10500 , 6470 , 3247 , 270 , 1617 , 811 )
( cnx_main , 1 , 2.65231 , 1 , 10000 , 1200 , 500 , 100 , 120 , 50 , 10 , 12 , 5 )
( cnx_main , 0 , 2.65307 , 1 , 0 , 0 , 0 , 0 , 0 , 0 , 0 , 0 , 0 )
( cnx_slice2 , 0 , 2.68551 , 1 , 0 , 0 , 0 , 0 , 0 , 0 , 0 , 0 , 0 )
( cnx_slice2 , 1 , 2.68551 , 1 , 15039303 , 3235056 , 1623677 , 10500 , 6470 , 3247 , 270 , 1617 , 811 )
( cnx_slice2 , 0 , 2.75081 , 1 , 0 , 0 , 0 , 0 , 0 , 0 , 0 , 0 , 0 )
( cnx_slice1 , 1 , 2.75082 , 1 , 15039303 , 3235056 , 1623677 , 10500 , 6470 , 3247 , 270 , 1617 , 811 )
( cnx_main , 1 , 2.77731 , 1 , 10000 , 1200 , 500 , 100 , 120 , 50 , 10 , 12 , 5 )
( cnx_main , 0 , 2.77807 , 1 , 0 , 0 , 0 , 0 , 0 , 0 , 0 , 0 , 0 )
( cnx_slice1 , 0 , 2.81692 , 1 , 0 , 0 , 0 , 0 , 0 , 0 , 0 , 0 , 0 )
( cnx_slice1 , 1 , 2.81692 , 1 , 15039303 , 3235056 , 1623677 , 10500 , 6470 , 3247 , 270 , 1617 , 811 )
( cnx_slice1 , 0 , 2.88219 , 1 , 0 , 0 , 0 , 0 , 0 , 0 , 0 , 0 , 0 )
( cnx_slice2 , 1 , 2.88219 , 1 , 15039303 , 3235056 , 1623677 , 10500 , 6470 , 3247 , 270 , 1617 , 811 )
( cnx_main , 1 , 2.90231 , 1 , 10000 , 1200 , 500 , 100 , 120 , 50 , 10 , 12 , 5 )
( cnx_main , 0 , 2.90307 , 1 , 0 , 0 , 0 , 0 , 0 , 0 , 0 , 0 , 0 )
( cnx_slice2 , 0 , 2.94834 , 1 , 0 , 0 , 0 , 0 , 0 , 0 , 0 , 0 , 0 )
( cnx_slice2 , 1 , 2.94834 , 1 , 12000000 , 3035056 , 1323677 , 10000 , 6000 , 3000 , 260 , 1500 , 800 )
( cnx_slice2 , 0 , 3.00348 , 1 , 0 , 0 , 0 , 0 , 0 , 0 , 0 , 0 , 0 )
( cnx_slice1 , 1 , 3.00349 , 1 , 12000000 , 3035056 , 1323677 , 10000 , 6000 , 3000 , 260 , 1500 , 800 )
