( cnx_main , 1 , 0.026545 , 1 , 10000 , 1200 , 500 , 100 , 120 , 50 , 10 , 12 , 5 )
( cnx_main , 0 , 0.027325 , 1 , 0 , 0 , 0 , 0 , 0 , 0 , 0 , 0 , 0 )
( cnx_slice1 , 1 , 0.027332 , 1 , 15039303 , 3235056 , 1623677 , 10500 , 6470 , 3247 , 270 , 1617 , 811 )
( cnx_slice1 , 0 , 0.092885 , 1 , 0 , 0 , 0 , 0 , 0 , 0 , 0 , 0 , 0 )
( cnx_slice2 , 1 , 0.092891 , 1 , 15039303 , 3235056 , 1623677 , 10500 , 6470 , 3247 , 270 , 1617 , 811 )
( cnx_main , 1 , 0.151514 , 1 , 10000 , 1200 , 500 , 100 , 120 , 50 , 10 , 12 , 5 )
( cnx_main , 0 , 0.152271 , 1 , 0 , 0 , 0 , 0 , 0 , 0 , 0 , 0 , 0 )
( cnx_slice2 , 0 , 0.159416 , 1 , 0 , 0 , 0 , 0 , 0 , 0 , 0 , 0 , 0 )
( cnx_slice2 , 1 , 0.159417 , 1 , 15039303 , 3235056 , 1623677 , 10500 , 6470 , 3247 , 270 , 1617 , 811 )
( cnx_slice2 , 0 , 0.225031 , 1 , 0 , 0 , 0 , 0 , 0 , 0 , 0 , 0 , 0 )
( cnx_slice1 , 1 , 0.225035 , 1 , 15039303 , 3235056 , 1623677 , 10500 , 6470 , 3247 , 270 , 1617 , 811 )
( cnx_main , 1 , 0.276511 , 1 , 10000 , 1200 , 500 , 100 , 120 , 50 , 10 , 12 , 5 )
( cnx_main , 0 , 0.277268 , 1 , 0 , 0 , 0 , 0 , 0 , 0 , 0 , 0 , 0 )
( cnx_slice1 , 0 , 0.291332 , 1 , 0 , 0 , 0 , 0 , 0 , 0 , 0 , 0 , 0 )
( cnx_slice1 , 1 , 0.291333 , 1 , 15039303 , 3235056 , 1623677 , 10500 , 6470 , 3247 , 270 , 1617 , 811 )
( cnx_slice1 , 0 , 0.356854 , 1 , 0 , 0 , 0 , 0 , 0 , 0 , 0 , 0 , 0 )
( cnx_slice2 , 1 , 0.356857 , 1 , 15039303 , 3235056 , 1623677 , 10500 , 6470 , 3247 , 270 , 1617 , 811 )
( cnx_main , 1 , 0.401517 , 1 , 10000 , 1200 , 500 , 100 , 120 , 50 , 10 , 12 , 5 )
( cnx_main , 0 , 0.402274 , 1 , 0 , 0 , 0 , 0 , 0 , 0 , 0 , 0 , 0 )
( cnx_slice2 , 0 , 0.423174 , 1 , 0 , 0 , 0 , 0 , 0 , 0 , 0 , 0 , 0 )
( cnx_slice2 , 1 , 0.423175 , 1 , 12000000 , 3035056 , 1323677 , 10000 , 6000 , 3000 , 260 , 1500 , 800 )
( cnx_slice2 , 0 , 0.478309 , 1 , 0 , 0 , 0 , 0 , 0 , 0 , 0 , 0 , 0 )
( cnx_slice1 , 1 , 0.478313 , 1 , 12000000 , 3035056 , 1323677 , 10000 , 6000 , 3000 , 260 , 1500 , 800 )
( cnx_main , 1 , 0.526512 , 1 , 10000 , 1200 , 500 , 100 , 120 , 50 , 10 , 12 , 5 )
( cnx_main , 0 , 0.527268 , 1 , 0 , 0 , 0 , 0 , 0 , 0 , 0 , 0 , 0 )
( cnx_slice1 , 0 , 0.534189 , 1 , 0 , 0 , 0 , 0 , 0 , 0 , 0 , 0 , 0 )
( cnx_slice1 , 1 , 0.53419 , 1 , 15039303 , 3235056 , 1623677 , 10500 , 6470 , 3247 , 270 , 1617 , 811 )
( cnx_slice1 , 0 , 0.59975 , 1 , 0 , 0 , 0 , 0 , 0 , 0 , 0 , 0 , 0 )
( cnx_slice2 , 1 , 0.599753 , 1 , 15039303 , 3235056 , 1623677 , 10500 , 6470 , 3247 , 270 , 1617 , 811 )
( cnx_main , 1 , 0.651516 , 1 , 10000 , 1200 , 500 , 100 , 120 , 50 , 10 , 12 , 5 )
( cnx_main , 0 , 0.652273 , 1 , 0 , 0 , 0 , 0 , 0 , 0 , 0 , 0 , 0 )
( cnx_slice2 , 0 , 0.66611 , 1 , 0 , 0 , 0 , 0 , 0 , 0 , 0 , 0 , 0 )
( cnx_slice2 , 1 , 0.666111 , 1 , 15039303 , 3235056 , 1623677 , 10500 , 6470 , 3247 , 270 , 1617 , 811 )
( cnx_slice2 , 0 , 0.731626 , 1 , 0 , 0 , 0 , 0 , 0 , 0 , 0 , 0 , 0 )
( cnx_slice1 , 1 , 0.731629 , 1 , 15039303 , 3235056 , 1623677 , 10500 , 6470 , 3247 , 270 , 1617 , 811 )
( cnx_main , 1 , 0.77652 , 1 , 10000 , 1200 , 500 , 100 , 120 , 50 , 10 , 12 , 5 )
( cnx_main , 0 , 0.777276 , 1 , 0 , 0 , 0 , 0 , 0 , 0 , 0 , 0 , 0 )
( cnx_slice1 , 0 , 0.797972 , 1 , 0 , 0 , 0 , 0 , 0 , 0 , 0 , 0 , 0 )
( cnx_slice1 , 1 , 0.797973 , 1 , 15039303 , 3235056 , 1623677 , 10500 , 6470 , 3247 , 270 , 1617 , 811 )
( cnx_slice1 , 0 , 0.863559 , 1 , 0 , 0 , 0 , 0 , 0 , 0 , 0 , 0 , 0 )
( cnx_slice2 , 1 , 0.863562 , 1 , 15039303 , 3235056 , 1623677 , 10500 , 6470 , 3247 , 270 , 1617 , 811 )
( cnx_main , 1 , 0.901523 , 1 , 10000 , 1200 , 500 , 100 , 120 , 50 , 10 , 12 , 5 )
( cnx_main , 0 , 0.902279 , 1 , 0 , 0 , 0 , 0 , 0 , 0 , 0 , 0 , 0 )
( cnx_slice2 , 0 , 0.929969 , 1 , 0 , 0 , 0 , 0 , 0 , 0 , 0 , 0 , 0 )
( cnx_slice2 , 1 , 0.929971 , 1 , 12000000 , 3035056 , 1323677 , 10000 , 6000 , 3000 , 260 , 1500 , 800 )
( cnx_slice2 , 0 , 0.985049 , 1 , 0 , 0 , 0 , 0 , 0 , 0 , 0 , 0 , 0 )
( cnx_slice1 , 1 , 0.985052 , 1 , 12000000 , 3035056 , 1323677 , 10000 , 6000 , 3000 , 260 , 1500 , 800 )
( cnx_main , 1 , 1.02651 , 1 , 10000 , 1200 , 500 , 100 , 120 , 50 , 10 , 12 , 5 )
( cnx_main , 0 , 1.02727 , 1 , 0 , 0 , 0 , 0 , 0 , 0 , 0 , 0 , 0 )
( cnx_slice1 , 0 , 1.04104 , 1 , 0 , 0 , 0 , 0 , 0 , 0 , 0 , 0 , 0 )
( cnx_slice1 , 1 , 1.04104 , 1 , 15039303 , 3235056 , 1623677 , 10500 , 6470 , 3247 , 270 , 1617 , 811 )
( cnx_slice1 , 0 , 1.10652 , 1 , 0 , 0 , 0 , 0 , 0 , 0 , 0 , 0 , 0 )
( cnx_slice2 , 1 , 1.10652 , 1 , 15039303 , 3235056 , 1623677 , 10500 , 6470 , 3247 , 270 , 1617 , 811 )
( cnx_main , 1 , 1.15152 , 1 , 10000 , 1200 , 500 , 100 , 120 , 50 , 10 , 12 , 5 )
( cnx_main , 0 , 1.15227 , 1 , 0 , 0 , 0 , 0 , 0 , 0 , 0 , 0 , 0 )
( cnx_slice2 , 0 , 1.17296 , 1 , 0 , 0 , 0 , 0 , 0 , 0 , 0 , 0 , 0 )
( cnx_slice2 , 1 , 1.17296 , 1 , 15039303 , 3235056 , 1623677 , 10500 , 6470 , 3247 , 270 , 1617 , 811 )
( cnx_slice2 , 0 , 1.23847 , 1 , 0 , 0 , 0 , 0 , 0 , 0 , 0 , 0 , 0 )
( cnx_slice1 , 1 , 1.23847 , 1 , 15039303 , 3235056 , 1623677 , 10500 , 6470 , 3247 , 270 , 1617 , 811 )
( cnx_main , 1 , 1.27652 , 1 , 10000 , 1200 , 500 , 100 , 120 , 50 , 10 , 12 , 5 )
( cnx_main , 0 , 1.27727 , 1 , 0 , 0 , 0 , 0 , 0 , 0 , 0 , 0 , 0 )
( cnx_slice1 , 0 , 1.30478 , 1 , 0 , 0 , 0 , 0 , 0 , 0 , 0 , 0 , 0 )
( cnx_slice1 , 1 , 1.30479 , 1 , 15039303 , 3235056 , 1623677 , 10500 , 6470 , 3247 , 270 , 1617 , 811 )
( cnx_slice1 , 0 , 1.37028 , 1 , 0 , 0 , 0 , 0 , 0 , 0 , 0 , 0 , 0 )
( cnx_slice2 , 1 , 1.37028 , 1 , 15039303 , 3235056 , 1623677 , 10500 , 6470 , 3247 , 270 , 1617 , 811 )
( cnx_main , 1 , 1.40152 , 1 , 10000 , 1200 , 500 , 100 , 120 , 50 , 10 , 12 , 5 )
( cnx_main , 0 , 1.40227 , 1 , 0 , 0 , 0 , 0 , 0 , 0 , 0 , 0 , 0 )
( cnx_slice2 , 0 , 1.43667 , 1 , 0 , 0 , 0 , 0 , 0 , 0 , 0 , 0 , 0 )
( cnx_slice2 , 1 , 1.43667 , 1 , 12000000 , 3035056 , 1323677 , 10000 , 6000 , 3000 , 260 , 1500 , 800 )
( cnx_slice2 , 0 , 1.4919 , 1 , 0 , 0 , 0 , 0 , 0 , 0 , 0 , 0 , 0 )
( cnx_slice1 , 1 , 1.4919 , 1 , 12000000 , 3035056 , 1323677 , 10000 , 6000 , 3000 , 260 , 1500 , 800 )
( cnx_main , 1 , 1.52651 , 1 , 10000 , 1200 , 500 , 100 , 120 , 50 , 10 , 12 , 5 )
( cnx_main , 0 , 1.52727 , 1 , 0 , 0 , 0 , 0 , 0 , 0 , 0 , 0 , 0 )
( cnx_slice1 , 0 , 1.54779 , 1 , 0 , 0 , 0 , 0 , 0 , 0 , 0 , 0 , 0 )
( cnx_slice1 , 1 , 1.5478 , 1 , 15039303 , 3235056 , 1623677 , 10500 , 6470 , 3247 , 270 , 1617 , 811 )
( cnx_slice1 , 0 , 1.61335 , 1 , 0 , 0 , 0 , 0 , 0 , 0 , 0 , 0 , 0 )
( cnx_slice2 , 1 , 1.61336 , 1 , 15039303 , 3235056 , 1623677 , 10500 , 6470 , 3247 , 270 , 1617 , 811 )
( cnx_main , 1 , 1.65152 , 1 , 10000 , 1200 , 500 , 100 , 120 , 50 , 10 , 12 , 5 )
( cnx_main , 0 , 1.65227 , 1 , 0 , 0 , 0 , 0 , 0 , 0 , 0 , 0 , 0 )
( cnx_slice2 , 0 , 1.67969 , 1 , 0 , 0 , 0 , 0 , 0 , 0 , 0 , 0 , 0 )
( cnx_slice2 , 1 , 1.67969 , 1 , 15039303 , 3235056 , 1623677 , 10500 , 6470 , 3247 , 270 , 1617 , 811 )
( cnx_slice2 , 0 , 1.74529 , 1 , 0 , 0 , 0 , 0 , 0 , 0 , 0 , 0 , 0 )
( cnx_slice1 , 1 , 1.74529 , 1 , 15039303 , 3235056 , 1623677 , 10500 , 6470 , 3247 , 270 , 1617 , 811 )
( cnx_main , 1 , 1.77652 , 1 , 10000 , 1200 , 500 , 100 , 120 , 50 , 10 , 12 , 5 )
( cnx_main , 0 , 1.77727 , 1 , 0 , 0 , 0 , 0 , 0 , 0 , 0 , 0 , 0 )
( cnx_slice1 , 0 , 1.81168 , 1 , 0 , 0 , 0 , 0 , 0 , 0 , 0 , 0 , 0 )
( cnx_slice1 , 1 , 1.81168 , 1 , 15039303 , 3235056 , 1623677 , 10500 , 6470 , 3247 , 270 , 1617 , 811 )
( cnx_slice1 , 0 , 1.87721 , 1 , 0 , 0 , 0 , 0 , 0 , 0 , 0 , 0 , 0 )
( cnx_slice2 , 1 , 1.87721 , 1 , 15039303 , 3235056 , 1623677 , 10500 , 6470 , 3247 , 270 , 1617 , 811 )
( cnx_main , 1 , 1.90152 , 1 , 10000 , 1200 , 500 , 100 , 120 , 50 , 10 , 12 , 5 )
( cnx_main , 0 , 1.90227 , 1 , 0 , 0 , 0 , 0 , 0 , 0 , 0 , 0 , 0 )
( cnx_slice2 , 0 , 1.94358 , 1 , 0 , 0 , 0 , 0 , 0 , 0 , 0 , 0 , 0 )
( cnx_slice2 , 1 , 1.94358 , 1 , 12000000 , 3035056 , 1323677 , 10000 , 6000 , 3000 , 260 , 1500 , 800 )
( cnx_slice2 , 0 , 1.99873 , 1 , 0 , 0 , 0 , 0 , 0 , 0 , 0 , 0 , 0 )
( cnx_slice1 , 1 , 1.99873 , 1 , 12000000 , 3035056 , 1323677 , 10000 , 6000 , 3000 , 260 , 1500 , 800 )
( cnx_main , 1 , 2.02652 , 1 , 10000 , 1200 , 500 , 100 , 120 , 50 , 10 , 12 , 5 )
( cnx_main , 0 , 2.02727 , 1 , 0 , 0 , 0 , 0 , 0 , 0 , 0 , 0 , 0 )
( cnx_slice1 , 0 , 2.05469 , 1 , 0 , 0 , 0 , 0 , 0 , 0 , 0 , 0 , 0 )
( cnx_slice1 , 1 , 2.05469 , 1 , 15039303 , 3235056 , 1623677 , 10500 , 6470 , 3247 , 270 , 1617 , 811 )
( cnx_slice1 , 0 , 2.12021 , 1 , 0 , 0 , 0 , 0 , 0 , 0 , 0 , 0 , 0 )
( cnx_slice2 , 1 , 2.12021 , 1 , 15039303 , 3235056 , 1623677 , 10500 , 6470 , 3247 , 270 , 1617 , 811 )
( cnx_main , 1 , 2.15152 , 1 , 10000 , 1200 , 500 , 100 , 120 , 50 , 10 , 12 , 5 )
( cnx_main , 0 , 2.15228 , 1 , 0 , 0 , 0 , 0 , 0 , 0 , 0 , 0 , 0 )
( cnx_slice2 , 0 , 2.18656 , 1 , 0 , 0 , 0 , 0 , 0 , 0 , 0 , 0 , 0 )
( cnx_slice2 , 1 , 2.18656 , 1 , 15039303 , 3235056 , 1623677 , 10500 , 6470 , 3247 , 270 , 1617 , 811 )
( cnx_slice2 , 0 , 2.25201 , 1 , 0 , 0 , 0 , 0 , 0 , 0 , 0 , 0 , 0 )
( cnx_slice1 , 1 , 2.25201 , 1 , 15039303 , 3235056 , 1623677 , 10500 , 6470 , 3247 , 270 , 1617 , 811 )
( cnx_main , 1 , 2.27652 , 1 , 10000 , 1200 , 500 , 100 , 120 , 50 , 10 , 12 , 5 )
( cnx_main , 0 , 2.27727 , 1 , 0 , 0 , 0 , 0 , 0 , 0 , 0 , 0 , 0 )
( cnx_slice1 , 0 , 2.31839 , 1 , 0 , 0 , 0 , 0 , 0 , 0 , 0 , 0 , 0 )
( cnx_slice1 , 1 , 2.31839 , 1 , 15039303 , 3235056 , 1623677 , 10500 , 6470 , 3247 , 270 , 1617 , 811 )
( cnx_slice1 , 0 , 2.38383 , 1 , 0 , 0 , 0 , 0 , 0 , 0 , 0 , 0 , 0 )
( cnx_slice2 , 1 , 2.38383 , 1 , 15039303 , 3235056 , 1623677 , 10500 , 6470 , 3247 , 270 , 1617 , 811 )
( cnx_main , 1 , 2.40152 , 1 , 10000 , 1200 , 500 , 100 , 120 , 50 , 10 , 12 , 5 )
( cnx_main , 0 , 2.40227 , 1 , 0 , 0 , 0 , 0 , 0 , 0 , 0 , 0 , 0 )
( cnx_slice2 , 0 , 2.45017 , 1 , 0 , 0 , 0 , 0 , 0 , 0 , 0 , 0 , 0 )
( cnx_slice2 , 1 , 2.45017 , 1 , 12000000 , 3035056 , 1323677 , 10000 , 6000 , 3000 , 260 , 1500 , 800 )
( cnx_slice2 , 0 , 2.50527 , 1 , 0 , 0 , 0 , 0 , 0 , 0 , 0 , 0 , 0 )
( cnx_slice1 , 1 , 2.50527 , 1 , 12000000 , 3035056 , 1323677 , 10000 , 6000 , 3000 , 260 , 1500 , 800 )
( cnx_main , 1 , 2.52651 , 1 , 10000 , 1200 , 500 , 100 , 120 , 50 , 10 , 12 , 5 )
( cnx_main , 0 , 2.52727 , 1 , 0 , 0 , 0 , 0 , 0 , 0 , 0 , 0 , 0 )
( cnx_slice1 , 0 , 2.56121 , 1 , 0 , 0 , 0 , 0 , 0 , 0 , 0 , 0 , 0 )
( cnx_slice1 , 1 , 2.56121 , 1 , 15039303 , 3235056 , 1623677 , 10500 , 6470 , 3247 , 270 , 1617 , 811 )
( cnx_slice1 , 0 , 2.62679 , 1 , 0 , 0 , 0 , 0 , 0 , 0 , 0 , 0 , 0 )
( cnx_slice2 , 1 , 2.6268 , 1 , 15039303 , 3235056 , 1623677 , 10500 , 6470 , 3247 , 270 , 1617 , 811 )
( cnx_main , 1 , 2.65151 , 1 , 10000 , 1200 , 500 , 100 , 120 , 50 , 10 , 12 , 5 )
( cnx_main , 0 , 2.65227 , 1 , 0 , 0 , 0 , 0 , 0 , 0 , 0 , 0 , 0 )
( cnx_slice2 , 0 , 2.69311 , 1 , 0 , 0 , 0 , 0 , 0 , 0 , 0 , 0 , 0 )
( cnx_slice2 , 1 , 2.69311 , 1 , 15039303 , 3235056 , 1623677 , 10500 , 6470 , 3247 , 270 , 1617 , 811 )
( cnx_slice2 , 0 , 2.75867 , 1 , 0 , 0 , 0 , 0 , 0 , 0 , 0 , 0 , 0 )
( cnx_slice1 , 1 , 2.75867 , 1 , 15039303 , 3235056 , 1623677 , 10500 , 6470 , 3247 , 270 , 1617 , 811 )
( cnx_main , 1 , 2.77651 , 1 , 10000 , 1200 , 500 , 100 , 120 , 50 , 10 , 12 , 5 )
( cnx_main , 0 , 2.77727 , 1 , 0 , 0 , 0 , 0 , 0 , 0 , 0 , 0 , 0 )
( cnx_slice1 , 0 , 2.82504 , 1 , 0 , 0 , 0 , 0 , 0 , 0 , 0 , 0 , 0 )
( cnx_slice1 , 1 , 2.82504 , 1 , 15039303 , 3235056 , 1623677 , 10500 , 6470 , 3247 , 270 , 1617 , 811 )
( cnx_slice1 , 0 , 2.89049 , 1 , 0 , 0 , 0 , 0 , 0 , 0 , 0 , 0 , 0 )
( cnx_slice2 , 1 , 2.89049 , 1 , 15039303 , 3235056 , 1623677 , 10500 , 6470 , 3247 , 270 , 1617 , 811 )
( cnx_main , 1 , 2.90152 , 1 , 10000 , 1200 , 500 , 100 , 120 , 50 , 10 , 12 , 5 )
( cnx_main , 0 , 2.90227 , 1 , 0 , 0 , 0 , 0 , 0 , 0 , 0 , 0 , 0 )
( cnx_slice2 , 0 , 2.95683 , 1 , 0 , 0 , 0 , 0 , 0 , 0 , 0 , 0 , 0 )
( cnx_slice2 , 1 , 2.95683 , 1 , 12000000 , 3035056 , 1323677 , 10000 , 6000 , 3000 , 260 , 1500 , 800 )
( cnx_slice2 , 0 , 3.01196 , 1 , 0 , 0 , 0 , 0 , 0 , 0 , 0 , 0 , 0 )
( cnx_slice1 , 1 , 3.01196 , 1 , 12000000 , 3035056 , 1323677 , 10000 , 6000 , 3000 , 260 , 1500 , 800 )
