( cnx_main , 1 , 0.056932 , 2 , 10000 , 1200 , 500 , 100 , 120 , 50 , 10 , 12 , 5 )
( cnx_main , 0 , 0.06244 , 2 , 0 , 0 , 0 , 0 , 0 , 0 , 0 , 0 , 0 )
( cnx_slice1 , 1 , 0.062447 , 2 , 15039303 , 3235056 , 1623677 , 10500 , 6470 , 3247 , 270 , 1617 , 811 )
( cnx_slice2 , 1 , 0.062455 , 4 , 15039303 , 3235056 , 1623677 , 10500 , 6470 , 3247 , 270 , 1617 , 811 )
( cnx_slice1 , 0 , 0.090658 , 2 , 0 , 0 , 0 , 0 , 0 , 0 , 0 , 0 , 0 )
( cnx_filter1 , 1 , 0.090664 , 2 , 17000000 , 3235056 , 1623677 , 10500 , 6470 , 3247 , 270 , 1617 , 811 )
( cnx_slice2 , 0 , 0.090776 , 4 , 0 , 0 , 0 , 0 , 0 , 0 , 0 , 0 , 0 )
( cnx_filter2 , 1 , 0.090784 , 4 , 17000000 , 3235056 , 1623677 , 10500 , 6470 , 3247 , 270 , 1617 , 811 )
( cnx_filter1 , 0 , 0.120657 , 2 , 0 , 0 , 0 , 0 , 0 , 0 , 0 , 0 , 0 )
( cnx_out1 , 1 , 0.120664 , 2 , 10000 , 1200 , 500 , 100 , 120 , 50 , 10 , 12 , 5 )
( cnx_filter2 , 0 , 0.120773 , 4 , 0 , 0 , 0 , 0 , 0 , 0 , 0 , 0 , 0 )
( cnx_out2 , 1 , 0.120779 , 4 , 10000 , 1200 , 500 , 100 , 120 , 50 , 10 , 12 , 5 )
( cnx_out1 , 0 , 0.126124 , 2 , 0 , 0 , 0 , 0 , 0 , 0 , 0 , 0 , 0 )
( cnx_out2 , 0 , 0.126238 , 4 , 0 , 0 , 0 , 0 , 0 , 0 , 0 , 0 , 0 )
( cnx_main , 1 , 0.136896 , 2 , 10000 , 1200 , 500 , 100 , 120 , 50 , 10 , 12 , 5 )
( cnx_main , 0 , 0.142397 , 2 , 0 , 0 , 0 , 0 , 0 , 0 , 0 , 0 , 0 )
( cnx_slice1 , 1 , 0.1424 , 2 , 15039303 , 3235056 , 1623677 , 10500 , 6470 , 3247 , 270 , 1617 , 811 )
( cnx_slice2 , 1 , 0.142402 , 4 , 15039303 , 3235056 , 1623677 , 10500 , 6470 , 3247 , 270 , 1617 , 811 )
( cnx_slice1 , 0 , 0.170609 , 2 , 0 , 0 , 0 , 0 , 0 , 0 , 0 , 0 , 0 )
( cnx_filter1 , 1 , 0.170612 , 2 , 17000000 , 3235056 , 1623677 , 10500 , 6470 , 3247 , 270 , 1617 , 811 )
( cnx_slice2 , 0 , 0.170719 , 4 , 0 , 0 , 0 , 0 , 0 , 0 , 0 , 0 , 0 )
( cnx_filter2 , 1 , 0.170723 , 4 , 17000000 , 3235056 , 1623677 , 10500 , 6470 , 3247 , 270 , 1617 , 811 )
( cnx_filter1 , 0 , 0.200598 , 2 , 0 , 0 , 0 , 0 , 0 , 0 , 0 , 0 , 0 )
( cnx_out1 , 1 , 0.200602 , 2 , 10000 , 1200 , 500 , 100 , 120 , 50 , 10 , 12 , 5 )
( cnx_filter2 , 0 , 0.200773 , 4 , 0 , 0 , 0 , 0 , 0 , 0 , 0 , 0 , 0 )
( cnx_out2 , 1 , 0.200777 , 4 , 10000 , 1200 , 500 , 100 , 120 , 50 , 10 , 12 , 5 )
( cnx_write_buffer , 1 , 0.206062 , 2 , 0 , 0 , 0 , 0 , 0 , 0 , 0 , 0 , 0 )
( cnx_write_buffer , 0 , 0.206074 , 2 , 0 , 0 , 0 , 0 , 0 , 0 , 0 , 0 , 0 )
( cnx_out1 , 0 , 0.206077 , 2 , 0 , 0 , 0 , 0 , 0 , 0 , 0 , 0 , 0 )
( cnx_out2 , 0 , 0.206236 , 4 , 0 , 0 , 0 , 0 , 0 , 0 , 0 , 0 , 0 )
( cnx_write_buffer , 1 , 0.206239 , 2 , 0 , 0 , 0 , 0 , 0 , 0 , 0 , 0 , 0 )
( cnx_write_buffer , 0 , 0.206256 , 2 , 0 , 0 , 0 , 0 , 0 , 0 , 0 , 0 , 0 )
( cnx_main , 1 , 0.216892 , 2 , 10000 , 1200 , 500 , 100 , 120 , 50 , 10 , 12 , 5 )
( cnx_main , 0 , 0.222394 , 2 , 0 , 0 , 0 , 0 , 0 , 0 , 0 , 0 , 0 )
( cnx_slice1 , 1 , 0.222398 , 2 , 15039303 , 3235056 , 1623677 , 10500 , 6470 , 3247 , 270 , 1617 , 811 )
( cnx_slice2 , 1 , 0.222404 , 4 , 15039303 , 3235056 , 1623677 , 10500 , 6470 , 3247 , 270 , 1617 , 811 )
( cnx_slice2 , 0 , 0.25064 , 4 , 0 , 0 , 0 , 0 , 0 , 0 , 0 , 0 , 0 )
( cnx_filter2 , 1 , 0.250643 , 4 , 17000000 , 3235056 , 1623677 , 10500 , 6470 , 3247 , 270 , 1617 , 811 )
( cnx_slice1 , 0 , 0.250662 , 2 , 0 , 0 , 0 , 0 , 0 , 0 , 0 , 0 , 0 )
( cnx_filter1 , 1 , 0.250666 , 2 , 17000000 , 3235056 , 1623677 , 10500 , 6470 , 3247 , 270 , 1617 , 811 )
( cnx_filter2 , 0 , 0.280645 , 4 , 0 , 0 , 0 , 0 , 0 , 0 , 0 , 0 , 0 )
( cnx_out2 , 1 , 0.280649 , 4 , 10000 , 1200 , 500 , 100 , 120 , 50 , 10 , 12 , 5 )
( cnx_filter1 , 0 , 0.280696 , 2 , 0 , 0 , 0 , 0 , 0 , 0 , 0 , 0 , 0 )
( cnx_out1 , 1 , 0.2807 , 2 , 10000 , 1200 , 500 , 100 , 120 , 50 , 10 , 12 , 5 )
( cnx_out2 , 0 , 0.286104 , 4 , 0 , 0 , 0 , 0 , 0 , 0 , 0 , 0 , 0 )
( cnx_out1 , 0 , 0.286155 , 2 , 0 , 0 , 0 , 0 , 0 , 0 , 0 , 0 , 0 )
( cnx_main , 1 , 0.296888 , 2 , 10000 , 1200 , 500 , 100 , 120 , 50 , 10 , 12 , 5 )
( cnx_main , 0 , 0.302368 , 2 , 0 , 0 , 0 , 0 , 0 , 0 , 0 , 0 , 0 )
( cnx_slice1 , 1 , 0.302371 , 2 , 12000000 , 3035056 , 1323677 , 10000 , 6000 , 3000 , 260 , 1500 , 800 )
( cnx_slice2 , 1 , 0.302373 , 4 , 12000000 , 3035056 , 1323677 , 10000 , 6000 , 3000 , 260 , 1500 , 800 )
( cnx_slice1 , 0 , 0.326515 , 2 , 0 , 0 , 0 , 0 , 0 , 0 , 0 , 0 , 0 )
( cnx_filter1 , 1 , 0.326519 , 2 , 17000000 , 3235056 , 1623677 , 10500 , 6470 , 3247 , 270 , 1617 , 811 )
( cnx_slice2 , 0 , 0.326555 , 4 , 0 , 0 , 0 , 0 , 0 , 0 , 0 , 0 , 0 )
( cnx_filter2 , 1 , 0.326559 , 4 , 17000000 , 3235056 , 1623677 , 10500 , 6470 , 3247 , 270 , 1617 , 811 )
( cnx_filter1 , 0 , 0.356489 , 2 , 0 , 0 , 0 , 0 , 0 , 0 , 0 , 0 , 0 )
( cnx_out1 , 1 , 0.356493 , 2 , 10000 , 1200 , 500 , 100 , 120 , 50 , 10 , 12 , 5 )
( cnx_filter2 , 0 , 0.356532 , 4 , 0 , 0 , 0 , 0 , 0 , 0 , 0 , 0 , 0 )
( cnx_out2 , 1 , 0.356536 , 4 , 10000 , 1200 , 500 , 100 , 120 , 50 , 10 , 12 , 5 )
( cnx_write_buffer , 1 , 0.361947 , 2 , 0 , 0 , 0 , 0 , 0 , 0 , 0 , 0 , 0 )
( cnx_write_buffer , 0 , 0.361958 , 2 , 0 , 0 , 0 , 0 , 0 , 0 , 0 , 0 , 0 )
( cnx_out1 , 0 , 0.36196 , 2 , 0 , 0 , 0 , 0 , 0 , 0 , 0 , 0 , 0 )
( cnx_out2 , 0 , 0.361991 , 4 , 0 , 0 , 0 , 0 , 0 , 0 , 0 , 0 , 0 )
( cnx_write_buffer , 1 , 0.361994 , 2 , 0 , 0 , 0 , 0 , 0 , 0 , 0 , 0 , 0 )
( cnx_write_buffer , 0 , 0.362011 , 2 , 0 , 0 , 0 , 0 , 0 , 0 , 0 , 0 , 0 )
( cnx_main , 1 , 0.376893 , 2 , 10000 , 1200 , 500 , 100 , 120 , 50 , 10 , 12 , 5 )
( cnx_main , 0 , 0.38235 , 2 , 0 , 0 , 0 , 0 , 0 , 0 , 0 , 0 , 0 )
( cnx_slice1 , 1 , 0.382353 , 2 , 15039303 , 3235056 , 1623677 , 10500 , 6470 , 3247 , 270 , 1617 , 811 )
( cnx_slice2 , 1 , 0.382356 , 4 , 15039303 , 3235056 , 1623677 , 10500 , 6470 , 3247 , 270 , 1617 , 811 )
( cnx_slice1 , 0 , 0.410604 , 2 , 0 , 0 , 0 , 0 , 0 , 0 , 0 , 0 , 0 )
( cnx_filter1 , 1 , 0.410607 , 2 , 17000000 , 3235056 , 1623677 , 10500 , 6470 , 3247 , 270 , 1617 , 811 )
( cnx_slice2 , 0 , 0.410631 , 4 , 0 , 0 , 0 , 0 , 0 , 0 , 0 , 0 , 0 )
( cnx_filter2 , 1 , 0.410635 , 4 , 17000000 , 3235056 , 1623677 , 10500 , 6470 , 3247 , 270 , 1617 , 811 )
( cnx_filter1 , 0 , 0.440616 , 2 , 0 , 0 , 0 , 0 , 0 , 0 , 0 , 0 , 0 )
( cnx_out1 , 1 , 0.440619 , 2 , 10000 , 1200 , 500 , 100 , 120 , 50 , 10 , 12 , 5 )
( cnx_filter2 , 0 , 0.440643 , 4 , 0 , 0 , 0 , 0 , 0 , 0 , 0 , 0 , 0 )
( cnx_out2 , 1 , 0.440646 , 4 , 10000 , 1200 , 500 , 100 , 120 , 50 , 10 , 12 , 5 )
( cnx_out1 , 0 , 0.446073 , 2 , 0 , 0 , 0 , 0 , 0 , 0 , 0 , 0 , 0 )
( cnx_out2 , 0 , 0.446107 , 4 , 0 , 0 , 0 , 0 , 0 , 0 , 0 , 0 , 0 )
( cnx_main , 1 , 0.456894 , 2 , 10000 , 1200 , 500 , 100 , 120 , 50 , 10 , 12 , 5 )
( cnx_main , 0 , 0.462351 , 2 , 0 , 0 , 0 , 0 , 0 , 0 , 0 , 0 , 0 )
( cnx_slice1 , 1 , 0.462354 , 2 , 15039303 , 3235056 , 1623677 , 10500 , 6470 , 3247 , 270 , 1617 , 811 )
( cnx_slice2 , 1 , 0.462356 , 4 , 15039303 , 3235056 , 1623677 , 10500 , 6470 , 3247 , 270 , 1617 , 811 )
( cnx_slice1 , 0 , 0.490595 , 2 , 0 , 0 , 0 , 0 , 0 , 0 , 0 , 0 , 0 )
( cnx_filter1 , 1 , 0.490599 , 2 , 17000000 , 3235056 , 1623677 , 10500 , 6470 , 3247 , 270 , 1617 , 811 )
( cnx_slice2 , 0 , 0.490659 , 4 , 0 , 0 , 0 , 0 , 0 , 0 , 0 , 0 , 0 )
( cnx_filter2 , 1 , 0.490662 , 4 , 17000000 , 3235056 , 1623677 , 10500 , 6470 , 3247 , 270 , 1617 , 811 )
( cnx_filter1 , 0 , 0.520585 , 2 , 0 , 0 , 0 , 0 , 0 , 0 , 0 , 0 , 0 )
( cnx_out1 , 1 , 0.520589 , 2 , 10000 , 1200 , 500 , 100 , 120 , 50 , 10 , 12 , 5 )
( cnx_filter2 , 0 , 0.520732 , 4 , 0 , 0 , 0 , 0 , 0 , 0 , 0 , 0 , 0 )
( cnx_out2 , 1 , 0.520736 , 4 , 10000 , 1200 , 500 , 100 , 120 , 50 , 10 , 12 , 5 )
( cnx_write_buffer , 1 , 0.526051 , 2 , 0 , 0 , 0 , 0 , 0 , 0 , 0 , 0 , 0 )
( cnx_write_buffer , 0 , 0.526063 , 2 , 0 , 0 , 0 , 0 , 0 , 0 , 0 , 0 , 0 )
( cnx_out1 , 0 , 0.526065 , 2 , 0 , 0 , 0 , 0 , 0 , 0 , 0 , 0 , 0 )
( cnx_out2 , 0 , 0.5262 , 4 , 0 , 0 , 0 , 0 , 0 , 0 , 0 , 0 , 0 )
( cnx_write_buffer , 1 , 0.526203 , 2 , 0 , 0 , 0 , 0 , 0 , 0 , 0 , 0 , 0 )
( cnx_write_buffer , 0 , 0.52622 , 2 , 0 , 0 , 0 , 0 , 0 , 0 , 0 , 0 , 0 )
( cnx_main , 1 , 0.536891 , 2 , 10000 , 1200 , 500 , 100 , 120 , 50 , 10 , 12 , 5 )
( cnx_main , 0 , 0.542401 , 2 , 0 , 0 , 0 , 0 , 0 , 0 , 0 , 0 , 0 )
( cnx_slice1 , 1 , 0.542404 , 2 , 15039303 , 3235056 , 1623677 , 10500 , 6470 , 3247 , 270 , 1617 , 811 )
( cnx_slice2 , 1 , 0.542406 , 4 , 15039303 , 3235056 , 1623677 , 10500 , 6470 , 3247 , 270 , 1617 , 811 )
( cnx_slice1 , 0 , 0.570615 , 2 , 0 , 0 , 0 , 0 , 0 , 0 , 0 , 0 , 0 )
( cnx_filter1 , 1 , 0.570619 , 2 , 17000000 , 3235056 , 1623677 , 10500 , 6470 , 3247 , 270 , 1617 , 811 )
( cnx_slice2 , 0 , 0.570725 , 4 , 0 , 0 , 0 , 0 , 0 , 0 , 0 , 0 , 0 )
( cnx_filter2 , 1 , 0.570729 , 4 , 17000000 , 3235056 , 1623677 , 10500 , 6470 , 3247 , 270 , 1617 , 811 )
( cnx_filter1 , 0 , 0.600647 , 2 , 0 , 0 , 0 , 0 , 0 , 0 , 0 , 0 , 0 )
( cnx_out1 , 1 , 0.600651 , 2 , 10000 , 1200 , 500 , 100 , 120 , 50 , 10 , 12 , 5 )
( cnx_filter2 , 0 , 0.600771 , 4 , 0 , 0 , 0 , 0 , 0 , 0 , 0 , 0 , 0 )
( cnx_out2 , 1 , 0.600775 , 4 , 10000 , 1200 , 500 , 100 , 120 , 50 , 10 , 12 , 5 )
( cnx_out1 , 0 , 0.606121 , 2 , 0 , 0 , 0 , 0 , 0 , 0 , 0 , 0 , 0 )
( cnx_out2 , 0 , 0.606256 , 4 , 0 , 0 , 0 , 0 , 0 , 0 , 0 , 0 , 0 )
( cnx_main , 1 , 0.61689 , 2 , 10000 , 1200 , 500 , 100 , 120 , 50 , 10 , 12 , 5 )
( cnx_main , 0 , 0.622385 , 2 , 0 , 0 , 0 , 0 , 0 , 0 , 0 , 0 , 0 )
( cnx_slice1 , 1 , 0.622389 , 2 , 12000000 , 3035056 , 1323677 , 10000 , 6000 , 3000 , 260 , 1500 , 800 )
( cnx_slice2 , 1 , 0.62239 , 4 , 12000000 , 3035056 , 1323677 , 10000 , 6000 , 3000 , 260 , 1500 , 800 )
( cnx_slice1 , 0 , 0.646565 , 2 , 0 , 0 , 0 , 0 , 0 , 0 , 0 , 0 , 0 )
( cnx_filter1 , 1 , 0.646568 , 2 , 17000000 , 3235056 , 1623677 , 10500 , 6470 , 3247 , 270 , 1617 , 811 )
( cnx_slice2 , 0 , 0.646655 , 4 , 0 , 0 , 0 , 0 , 0 , 0 , 0 , 0 , 0 )
( cnx_filter2 , 1 , 0.646658 , 4 , 17000000 , 3235056 , 1623677 , 10500 , 6470 , 3247 , 270 , 1617 , 811 )
( cnx_filter1 , 0 , 0.676533 , 2 , 0 , 0 , 0 , 0 , 0 , 0 , 0 , 0 , 0 )
( cnx_out1 , 1 , 0.676536 , 2 , 10000 , 1200 , 500 , 100 , 120 , 50 , 10 , 12 , 5 )
( cnx_filter2 , 0 , 0.676647 , 4 , 0 , 0 , 0 , 0 , 0 , 0 , 0 , 0 , 0 )
( cnx_out2 , 1 , 0.67665 , 4 , 10000 , 1200 , 500 , 100 , 120 , 50 , 10 , 12 , 5 )
( cnx_write_buffer , 1 , 0.682059 , 2 , 0 , 0 , 0 , 0 , 0 , 0 , 0 , 0 , 0 )
( cnx_write_buffer , 0 , 0.682071 , 2 , 0 , 0 , 0 , 0 , 0 , 0 , 0 , 0 , 0 )
( cnx_out1 , 0 , 0.682073 , 2 , 0 , 0 , 0 , 0 , 0 , 0 , 0 , 0 , 0 )
( cnx_out2 , 0 , 0.682105 , 4 , 0 , 0 , 0 , 0 , 0 , 0 , 0 , 0 , 0 )
( cnx_write_buffer , 1 , 0.682107 , 2 , 0 , 0 , 0 , 0 , 0 , 0 , 0 , 0 , 0 )
( cnx_write_buffer , 0 , 0.682124 , 2 , 0 , 0 , 0 , 0 , 0 , 0 , 0 , 0 , 0 )
( cnx_main , 1 , 0.696888 , 2 , 10000 , 1200 , 500 , 100 , 120 , 50 , 10 , 12 , 5 )
( cnx_main , 0 , 0.702383 , 2 , 0 , 0 , 0 , 0 , 0 , 0 , 0 , 0 , 0 )
( cnx_slice1 , 1 , 0.702386 , 2 , 15039303 , 3235056 , 1623677 , 10500 , 6470 , 3247 , 270 , 1617 , 811 )
( cnx_slice2 , 1 , 0.702388 , 4 , 15039303 , 3235056 , 1623677 , 10500 , 6470 , 3247 , 270 , 1617 , 811 )
( cnx_slice1 , 0 , 0.730615 , 2 , 0 , 0 , 0 , 0 , 0 , 0 , 0 , 0 , 0 )
( cnx_filter1 , 1 , 0.730618 , 2 , 17000000 , 3235056 , 1623677 , 10500 , 6470 , 3247 , 270 , 1617 , 811 )
( cnx_slice2 , 0 , 0.73065 , 4 , 0 , 0 , 0 , 0 , 0 , 0 , 0 , 0 , 0 )
( cnx_filter2 , 1 , 0.730654 , 4 , 17000000 , 3235056 , 1623677 , 10500 , 6470 , 3247 , 270 , 1617 , 811 )
( cnx_filter1 , 0 , 0.760591 , 2 , 0 , 0 , 0 , 0 , 0 , 0 , 0 , 0 , 0 )
( cnx_out1 , 1 , 0.760595 , 2 , 10000 , 1200 , 500 , 100 , 120 , 50 , 10 , 12 , 5 )
( cnx_filter2 , 0 , 0.760649 , 4 , 0 , 0 , 0 , 0 , 0 , 0 , 0 , 0 , 0 )
( cnx_out2 , 1 , 0.760653 , 4 , 10000 , 1200 , 500 , 100 , 120 , 50 , 10 , 12 , 5 )
( cnx_out1 , 0 , 0.766049 , 2 , 0 , 0 , 0 , 0 , 0 , 0 , 0 , 0 , 0 )
( cnx_out2 , 0 , 0.766175 , 4 , 0 , 0 , 0 , 0 , 0 , 0 , 0 , 0 , 0 )
( cnx_main , 1 , 0.776904 , 2 , 10000 , 1200 , 500 , 100 , 120 , 50 , 10 , 12 , 5 )
( cnx_main , 0 , 0.78238 , 2 , 0 , 0 , 0 , 0 , 0 , 0 , 0 , 0 , 0 )
( cnx_slice2 , 1 , 0.782383 , 4 , 15039303 , 3235056 , 1623677 , 10500 , 6470 , 3247 , 270 , 1617 , 811 )
( cnx_slice1 , 1 , 0.782396 , 2 , 15039303 , 3235056 , 1623677 , 10500 , 6470 , 3247 , 270 , 1617 , 811 )
( cnx_slice1 , 0 , 0.810674 , 2 , 0 , 0 , 0 , 0 , 0 , 0 , 0 , 0 , 0 )
( cnx_filter1 , 1 , 0.810678 , 2 , 17000000 , 3235056 , 1623677 , 10500 , 6470 , 3247 , 270 , 1617 , 811 )
( cnx_slice2 , 0 , 0.810679 , 4 , 0 , 0 , 0 , 0 , 0 , 0 , 0 , 0 , 0 )
( cnx_filter2 , 1 , 0.810682 , 4 , 17000000 , 3235056 , 1623677 , 10500 , 6470 , 3247 , 270 , 1617 , 811 )
( cnx_filter1 , 0 , 0.840647 , 2 , 0 , 0 , 0 , 0 , 0 , 0 , 0 , 0 , 0 )
( cnx_out1 , 1 , 0.84065 , 2 , 10000 , 1200 , 500 , 100 , 120 , 50 , 10 , 12 , 5 )
( cnx_filter2 , 0 , 0.840716 , 4 , 0 , 0 , 0 , 0 , 0 , 0 , 0 , 0 , 0 )
( cnx_out2 , 1 , 0.84072 , 4 , 10000 , 1200 , 500 , 100 , 120 , 50 , 10 , 12 , 5 )
( cnx_write_buffer , 1 , 0.846107 , 2 , 0 , 0 , 0 , 0 , 0 , 0 , 0 , 0 , 0 )
( cnx_write_buffer , 0 , 0.846119 , 2 , 0 , 0 , 0 , 0 , 0 , 0 , 0 , 0 , 0 )
( cnx_out1 , 0 , 0.846121 , 2 , 0 , 0 , 0 , 0 , 0 , 0 , 0 , 0 , 0 )
( cnx_out2 , 0 , 0.846192 , 4 , 0 , 0 , 0 , 0 , 0 , 0 , 0 , 0 , 0 )
( cnx_write_buffer , 1 , 0.846194 , 2 , 0 , 0 , 0 , 0 , 0 , 0 , 0 , 0 , 0 )
( cnx_write_buffer , 0 , 0.846207 , 2 , 0 , 0 , 0 , 0 , 0 , 0 , 0 , 0 , 0 )
( cnx_main , 1 , 0.856888 , 2 , 10000 , 1200 , 500 , 100 , 120 , 50 , 10 , 12 , 5 )
( cnx_main , 0 , 0.862384 , 2 , 0 , 0 , 0 , 0 , 0 , 0 , 0 , 0 , 0 )
( cnx_slice1 , 1 , 0.862387 , 2 , 15039303 , 3235056 , 1623677 , 10500 , 6470 , 3247 , 270 , 1617 , 811 )
( cnx_slice2 , 1 , 0.862388 , 4 , 15039303 , 3235056 , 1623677 , 10500 , 6470 , 3247 , 270 , 1617 , 811 )
( cnx_slice1 , 0 , 0.890581 , 2 , 0 , 0 , 0 , 0 , 0 , 0 , 0 , 0 , 0 )
( cnx_filter1 , 1 , 0.890584 , 2 , 17000000 , 3235056 , 1623677 , 10500 , 6470 , 3247 , 270 , 1617 , 811 )
( cnx_slice2 , 0 , 0.890647 , 4 , 0 , 0 , 0 , 0 , 0 , 0 , 0 , 0 , 0 )
( cnx_filter2 , 1 , 0.89065 , 4 , 17000000 , 3235056 , 1623677 , 10500 , 6470 , 3247 , 270 , 1617 , 811 )
( cnx_filter1 , 0 , 0.920617 , 2 , 0 , 0 , 0 , 0 , 0 , 0 , 0 , 0 , 0 )
( cnx_filter2 , 0 , 0.92062 , 4 , 0 , 0 , 0 , 0 , 0 , 0 , 0 , 0 , 0 )
( cnx_out1 , 1 , 0.920621 , 2 , 10000 , 1200 , 500 , 100 , 120 , 50 , 10 , 12 , 5 )
( cnx_out2 , 1 , 0.920624 , 4 , 10000 , 1200 , 500 , 100 , 120 , 50 , 10 , 12 , 5 )
( cnx_out1 , 0 , 0.926077 , 2 , 0 , 0 , 0 , 0 , 0 , 0 , 0 , 0 , 0 )
( cnx_out2 , 0 , 0.926081 , 4 , 0 , 0 , 0 , 0 , 0 , 0 , 0 , 0 , 0 )
( cnx_main , 1 , 0.936891 , 2 , 10000 , 1200 , 500 , 100 , 120 , 50 , 10 , 12 , 5 )
( cnx_main , 0 , 0.942347 , 2 , 0 , 0 , 0 , 0 , 0 , 0 , 0 , 0 , 0 )
( cnx_slice1 , 1 , 0.94235 , 2 , 12000000 , 3035056 , 1323677 , 10000 , 6000 , 3000 , 260 , 1500 , 800 )
( cnx_slice2 , 1 , 0.942352 , 4 , 12000000 , 3035056 , 1323677 , 10000 , 6000 , 3000 , 260 , 1500 , 800 )
( cnx_slice1 , 0 , 0.966484 , 2 , 0 , 0 , 0 , 0 , 0 , 0 , 0 , 0 , 0 )
( cnx_filter1 , 1 , 0.966487 , 2 , 17000000 , 3235056 , 1623677 , 10500 , 6470 , 3247 , 270 , 1617 , 811 )
( cnx_slice2 , 0 , 0.96654 , 4 , 0 , 0 , 0 , 0 , 0 , 0 , 0 , 0 , 0 )
( cnx_filter2 , 1 , 0.966544 , 4 , 17000000 , 3235056 , 1623677 , 10500 , 6470 , 3247 , 270 , 1617 , 811 )
( cnx_filter1 , 0 , 0.99647 , 2 , 0 , 0 , 0 , 0 , 0 , 0 , 0 , 0 , 0 )
( cnx_out1 , 1 , 0.996474 , 2 , 10000 , 1200 , 500 , 100 , 120 , 50 , 10 , 12 , 5 )
( cnx_filter2 , 0 , 0.996527 , 4 , 0 , 0 , 0 , 0 , 0 , 0 , 0 , 0 , 0 )
( cnx_out2 , 1 , 0.99653 , 4 , 10000 , 1200 , 500 , 100 , 120 , 50 , 10 , 12 , 5 )
( cnx_write_buffer , 1 , 1.00194 , 2 , 0 , 0 , 0 , 0 , 0 , 0 , 0 , 0 , 0 )
( cnx_write_buffer , 0 , 1.00195 , 2 , 0 , 0 , 0 , 0 , 0 , 0 , 0 , 0 , 0 )
( cnx_out1 , 0 , 1.00195 , 2 , 0 , 0 , 0 , 0 , 0 , 0 , 0 , 0 , 0 )
( cnx_out2 , 0 , 1.00199 , 4 , 0 , 0 , 0 , 0 , 0 , 0 , 0 , 0 , 0 )
( cnx_write_buffer , 1 , 1.00199 , 2 , 0 , 0 , 0 , 0 , 0 , 0 , 0 , 0 , 0 )
( cnx_write_buffer , 0 , 1.00201 , 2 , 0 , 0 , 0 , 0 , 0 , 0 , 0 , 0 , 0 )
( cnx_main , 1 , 1.01689 , 2 , 10000 , 1200 , 500 , 100 , 120 , 50 , 10 , 12 , 5 )
( cnx_main , 0 , 1.0224 , 2 , 0 , 0 , 0 , 0 , 0 , 0 , 0 , 0 , 0 )
( cnx_slice1 , 1 , 1.02241 , 2 , 15039303 , 3235056 , 1623677 , 10500 , 6470 , 3247 , 270 , 1617 , 811 )
( cnx_slice2 , 1 , 1.02241 , 4 , 15039303 , 3235056 , 1623677 , 10500 , 6470 , 3247 , 270 , 1617 , 811 )
( cnx_slice1 , 0 , 1.05061 , 2 , 0 , 0 , 0 , 0 , 0 , 0 , 0 , 0 , 0 )
( cnx_filter1 , 1 , 1.05062 , 2 , 17000000 , 3235056 , 1623677 , 10500 , 6470 , 3247 , 270 , 1617 , 811 )
( cnx_slice2 , 0 , 1.05068 , 4 , 0 , 0 , 0 , 0 , 0 , 0 , 0 , 0 , 0 )
( cnx_filter2 , 1 , 1.05069 , 4 , 17000000 , 3235056 , 1623677 , 10500 , 6470 , 3247 , 270 , 1617 , 811 )
( cnx_filter1 , 0 , 1.0806 , 2 , 0 , 0 , 0 , 0 , 0 , 0 , 0 , 0 , 0 )
( cnx_out1 , 1 , 1.0806 , 2 , 10000 , 1200 , 500 , 100 , 120 , 50 , 10 , 12 , 5 )
( cnx_filter2 , 0 , 1.08075 , 4 , 0 , 0 , 0 , 0 , 0 , 0 , 0 , 0 , 0 )
( cnx_out2 , 1 , 1.08075 , 4 , 10000 , 1200 , 500 , 100 , 120 , 50 , 10 , 12 , 5 )
( cnx_out1 , 0 , 1.08606 , 2 , 0 , 0 , 0 , 0 , 0 , 0 , 0 , 0 , 0 )
( cnx_out2 , 0 , 1.08621 , 4 , 0 , 0 , 0 , 0 , 0 , 0 , 0 , 0 , 0 )
( cnx_main , 1 , 1.09689 , 2 , 10000 , 1200 , 500 , 100 , 120 , 50 , 10 , 12 , 5 )
( cnx_main , 0 , 1.1024 , 2 , 0 , 0 , 0 , 0 , 0 , 0 , 0 , 0 , 0 )
( cnx_slice1 , 1 , 1.1024 , 2 , 15039303 , 3235056 , 1623677 , 10500 , 6470 , 3247 , 270 , 1617 , 811 )
( cnx_slice2 , 1 , 1.1024 , 4 , 15039303 , 3235056 , 1623677 , 10500 , 6470 , 3247 , 270 , 1617 , 811 )
( cnx_slice2 , 0 , 1.13065 , 4 , 0 , 0 , 0 , 0 , 0 , 0 , 0 , 0 , 0 )
( cnx_filter2 , 1 , 1.13065 , 4 , 17000000 , 3235056 , 1623677 , 10500 , 6470 , 3247 , 270 , 1617 , 811 )
( cnx_slice1 , 0 , 1.13066 , 2 , 0 , 0 , 0 , 0 , 0 , 0 , 0 , 0 , 0 )
( cnx_filter1 , 1 , 1.13067 , 2 , 17000000 , 3235056 , 1623677 , 10500 , 6470 , 3247 , 270 , 1617 , 811 )
( cnx_filter1 , 0 , 1.16063 , 2 , 0 , 0 , 0 , 0 , 0 , 0 , 0 , 0 , 0 )
( cnx_filter2 , 0 , 1.16063 , 4 , 0 , 0 , 0 , 0 , 0 , 0 , 0 , 0 , 0 )
( cnx_out1 , 1 , 1.16063 , 2 , 10000 , 1200 , 500 , 100 , 120 , 50 , 10 , 12 , 5 )
( cnx_out2 , 1 , 1.16064 , 4 , 10000 , 1200 , 500 , 100 , 120 , 50 , 10 , 12 , 5 )
( cnx_write_buffer , 1 , 1.16609 , 2 , 0 , 0 , 0 , 0 , 0 , 0 , 0 , 0 , 0 )
( cnx_out2 , 0 , 1.16609 , 4 , 0 , 0 , 0 , 0 , 0 , 0 , 0 , 0 , 0 )
( cnx_write_buffer , 0 , 1.1661 , 2 , 0 , 0 , 0 , 0 , 0 , 0 , 0 , 0 , 0 )
( cnx_write_buffer , 1 , 1.1661 , 2 , 0 , 0 , 0 , 0 , 0 , 0 , 0 , 0 , 0 )
( cnx_write_buffer , 0 , 1.16612 , 2 , 0 , 0 , 0 , 0 , 0 , 0 , 0 , 0 , 0 )
( cnx_out1 , 0 , 1.16612 , 2 , 0 , 0 , 0 , 0 , 0 , 0 , 0 , 0 , 0 )
( cnx_main , 1 , 1.17689 , 2 , 10000 , 1200 , 500 , 100 , 120 , 50 , 10 , 12 , 5 )
( cnx_main , 0 , 1.1824 , 2 , 0 , 0 , 0 , 0 , 0 , 0 , 0 , 0 , 0 )
( cnx_slice1 , 1 , 1.1824 , 2 , 15039303 , 3235056 , 1623677 , 10500 , 6470 , 3247 , 270 , 1617 , 811 )
( cnx_slice2 , 1 , 1.1824 , 4 , 15039303 , 3235056 , 1623677 , 10500 , 6470 , 3247 , 270 , 1617 , 811 )
( cnx_slice1 , 0 , 1.21059 , 2 , 0 , 0 , 0 , 0 , 0 , 0 , 0 , 0 , 0 )
( cnx_filter1 , 1 , 1.21059 , 2 , 17000000 , 3235056 , 1623677 , 10500 , 6470 , 3247 , 270 , 1617 , 811 )
( cnx_slice2 , 0 , 1.21064 , 4 , 0 , 0 , 0 , 0 , 0 , 0 , 0 , 0 , 0 )
( cnx_filter2 , 1 , 1.21064 , 4 , 17000000 , 3235056 , 1623677 , 10500 , 6470 , 3247 , 270 , 1617 , 811 )
( cnx_filter1 , 0 , 1.24055 , 2 , 0 , 0 , 0 , 0 , 0 , 0 , 0 , 0 , 0 )
( cnx_out1 , 1 , 1.24055 , 2 , 10000 , 1200 , 500 , 100 , 120 , 50 , 10 , 12 , 5 )
( cnx_filter2 , 0 , 1.24069 , 4 , 0 , 0 , 0 , 0 , 0 , 0 , 0 , 0 , 0 )
( cnx_out2 , 1 , 1.24069 , 4 , 10000 , 1200 , 500 , 100 , 120 , 50 , 10 , 12 , 5 )
( cnx_out1 , 0 , 1.24601 , 2 , 0 , 0 , 0 , 0 , 0 , 0 , 0 , 0 , 0 )
( cnx_out2 , 0 , 1.24615 , 4 , 0 , 0 , 0 , 0 , 0 , 0 , 0 , 0 , 0 )
( cnx_main , 1 , 1.25689 , 2 , 10000 , 1200 , 500 , 100 , 120 , 50 , 10 , 12 , 5 )
( cnx_main , 0 , 1.26248 , 2 , 0 , 0 , 0 , 0 , 0 , 0 , 0 , 0 , 0 )
( cnx_slice1 , 1 , 1.26248 , 2 , 12000000 , 3035056 , 1323677 , 10000 , 6000 , 3000 , 260 , 1500 , 800 )
( cnx_slice2 , 1 , 1.26248 , 4 , 12000000 , 3035056 , 1323677 , 10000 , 6000 , 3000 , 260 , 1500 , 800 )
( cnx_slice1 , 0 , 1.28662 , 2 , 0 , 0 , 0 , 0 , 0 , 0 , 0 , 0 , 0 )
( cnx_slice2 , 0 , 1.28662 , 4 , 0 , 0 , 0 , 0 , 0 , 0 , 0 , 0 , 0 )
( cnx_filter1 , 1 , 1.28663 , 2 , 17000000 , 3235056 , 1623677 , 10500 , 6470 , 3247 , 270 , 1617 , 811 )
( cnx_filter2 , 1 , 1.28663 , 4 , 17000000 , 3235056 , 1623677 , 10500 , 6470 , 3247 , 270 , 1617 , 811 )
( cnx_filter2 , 0 , 1.31666 , 4 , 0 , 0 , 0 , 0 , 0 , 0 , 0 , 0 , 0 )
( cnx_filter1 , 0 , 1.31667 , 2 , 0 , 0 , 0 , 0 , 0 , 0 , 0 , 0 , 0 )
( cnx_out2 , 1 , 1.31667 , 4 , 10000 , 1200 , 500 , 100 , 120 , 50 , 10 , 12 , 5 )
( cnx_out1 , 1 , 1.31667 , 2 , 10000 , 1200 , 500 , 100 , 120 , 50 , 10 , 12 , 5 )
( cnx_out2 , 0 , 1.32213 , 4 , 0 , 0 , 0 , 0 , 0 , 0 , 0 , 0 , 0 )
( cnx_write_buffer , 1 , 1.32213 , 2 , 0 , 0 , 0 , 0 , 0 , 0 , 0 , 0 , 0 )
( cnx_write_buffer , 0 , 1.32214 , 2 , 0 , 0 , 0 , 0 , 0 , 0 , 0 , 0 , 0 )
( cnx_write_buffer , 1 , 1.32214 , 2 , 0 , 0 , 0 , 0 , 0 , 0 , 0 , 0 , 0 )
( cnx_write_buffer , 0 , 1.32215 , 2 , 0 , 0 , 0 , 0 , 0 , 0 , 0 , 0 , 0 )
( cnx_out1 , 0 , 1.32215 , 2 , 0 , 0 , 0 , 0 , 0 , 0 , 0 , 0 , 0 )
( cnx_main , 1 , 1.3369 , 2 , 10000 , 1200 , 500 , 100 , 120 , 50 , 10 , 12 , 5 )
( cnx_main , 0 , 1.34235 , 2 , 0 , 0 , 0 , 0 , 0 , 0 , 0 , 0 , 0 )
( cnx_slice1 , 1 , 1.34236 , 2 , 15039303 , 3235056 , 1623677 , 10500 , 6470 , 3247 , 270 , 1617 , 811 )
( cnx_slice2 , 1 , 1.34236 , 4 , 15039303 , 3235056 , 1623677 , 10500 , 6470 , 3247 , 270 , 1617 , 811 )
( cnx_slice1 , 0 , 1.37057 , 2 , 0 , 0 , 0 , 0 , 0 , 0 , 0 , 0 , 0 )
( cnx_filter1 , 1 , 1.37057 , 2 , 17000000 , 3235056 , 1623677 , 10500 , 6470 , 3247 , 270 , 1617 , 811 )
( cnx_slice2 , 0 , 1.37066 , 4 , 0 , 0 , 0 , 0 , 0 , 0 , 0 , 0 , 0 )
( cnx_filter2 , 1 , 1.37066 , 4 , 17000000 , 3235056 , 1623677 , 10500 , 6470 , 3247 , 270 , 1617 , 811 )
( cnx_filter1 , 0 , 1.40057 , 2 , 0 , 0 , 0 , 0 , 0 , 0 , 0 , 0 , 0 )
( cnx_out1 , 1 , 1.40058 , 2 , 10000 , 1200 , 500 , 100 , 120 , 50 , 10 , 12 , 5 )
( cnx_filter2 , 0 , 1.40066 , 4 , 0 , 0 , 0 , 0 , 0 , 0 , 0 , 0 , 0 )
( cnx_out2 , 1 , 1.40067 , 4 , 10000 , 1200 , 500 , 100 , 120 , 50 , 10 , 12 , 5 )
( cnx_out1 , 0 , 1.40604 , 2 , 0 , 0 , 0 , 0 , 0 , 0 , 0 , 0 , 0 )
( cnx_out2 , 0 , 1.40613 , 4 , 0 , 0 , 0 , 0 , 0 , 0 , 0 , 0 , 0 )
( cnx_main , 1 , 1.41689 , 2 , 10000 , 1200 , 500 , 100 , 120 , 50 , 10 , 12 , 5 )
( cnx_main , 0 , 1.42235 , 2 , 0 , 0 , 0 , 0 , 0 , 0 , 0 , 0 , 0 )
( cnx_slice1 , 1 , 1.42235 , 2 , 15039303 , 3235056 , 1623677 , 10500 , 6470 , 3247 , 270 , 1617 , 811 )
( cnx_slice2 , 1 , 1.42235 , 4 , 15039303 , 3235056 , 1623677 , 10500 , 6470 , 3247 , 270 , 1617 , 811 )
( cnx_slice1 , 0 , 1.45056 , 2 , 0 , 0 , 0 , 0 , 0 , 0 , 0 , 0 , 0 )
( cnx_filter1 , 1 , 1.45057 , 2 , 17000000 , 3235056 , 1623677 , 10500 , 6470 , 3247 , 270 , 1617 , 811 )
( cnx_slice2 , 0 , 1.4506 , 4 , 0 , 0 , 0 , 0 , 0 , 0 , 0 , 0 , 0 )
( cnx_filter2 , 1 , 1.4506 , 4 , 17000000 , 3235056 , 1623677 , 10500 , 6470 , 3247 , 270 , 1617 , 811 )
( cnx_filter2 , 0 , 1.48058 , 4 , 0 , 0 , 0 , 0 , 0 , 0 , 0 , 0 , 0 )
( cnx_out2 , 1 , 1.48058 , 4 , 10000 , 1200 , 500 , 100 , 120 , 50 , 10 , 12 , 5 )
( cnx_filter1 , 0 , 1.48063 , 2 , 0 , 0 , 0 , 0 , 0 , 0 , 0 , 0 , 0 )
( cnx_out1 , 1 , 1.48064 , 2 , 10000 , 1200 , 500 , 100 , 120 , 50 , 10 , 12 , 5 )
( cnx_out2 , 0 , 1.48604 , 4 , 0 , 0 , 0 , 0 , 0 , 0 , 0 , 0 , 0 )
( cnx_write_buffer , 1 , 1.48605 , 2 , 0 , 0 , 0 , 0 , 0 , 0 , 0 , 0 , 0 )
( cnx_write_buffer , 0 , 1.48606 , 2 , 0 , 0 , 0 , 0 , 0 , 0 , 0 , 0 , 0 )
( cnx_write_buffer , 1 , 1.48612 , 2 , 0 , 0 , 0 , 0 , 0 , 0 , 0 , 0 , 0 )
( cnx_write_buffer , 0 , 1.48614 , 2 , 0 , 0 , 0 , 0 , 0 , 0 , 0 , 0 , 0 )
( cnx_out1 , 0 , 1.48614 , 2 , 0 , 0 , 0 , 0 , 0 , 0 , 0 , 0 , 0 )
( cnx_main , 1 , 1.49689 , 2 , 10000 , 1200 , 500 , 100 , 120 , 50 , 10 , 12 , 5 )
( cnx_main , 0 , 1.50239 , 2 , 0 , 0 , 0 , 0 , 0 , 0 , 0 , 0 , 0 )
( cnx_slice1 , 1 , 1.5024 , 2 , 15039303 , 3235056 , 1623677 , 10500 , 6470 , 3247 , 270 , 1617 , 811 )
( cnx_slice2 , 1 , 1.5024 , 4 , 15039303 , 3235056 , 1623677 , 10500 , 6470 , 3247 , 270 , 1617 , 811 )
( cnx_slice1 , 0 , 1.5306 , 2 , 0 , 0 , 0 , 0 , 0 , 0 , 0 , 0 , 0 )
( cnx_filter1 , 1 , 1.5306 , 2 , 17000000 , 3235056 , 1623677 , 10500 , 6470 , 3247 , 270 , 1617 , 811 )
( cnx_slice2 , 0 , 1.53066 , 4 , 0 , 0 , 0 , 0 , 0 , 0 , 0 , 0 , 0 )
( cnx_filter2 , 1 , 1.53066 , 4 , 17000000 , 3235056 , 1623677 , 10500 , 6470 , 3247 , 270 , 1617 , 811 )
( cnx_filter1 , 0 , 1.56064 , 2 , 0 , 0 , 0 , 0 , 0 , 0 , 0 , 0 , 0 )
( cnx_out1 , 1 , 1.56065 , 2 , 10000 , 1200 , 500 , 100 , 120 , 50 , 10 , 12 , 5 )
( cnx_filter2 , 0 , 1.56066 , 4 , 0 , 0 , 0 , 0 , 0 , 0 , 0 , 0 , 0 )
( cnx_out2 , 1 , 1.56066 , 4 , 10000 , 1200 , 500 , 100 , 120 , 50 , 10 , 12 , 5 )
( cnx_out1 , 0 , 1.5661 , 2 , 0 , 0 , 0 , 0 , 0 , 0 , 0 , 0 , 0 )
( cnx_out2 , 0 , 1.56612 , 4 , 0 , 0 , 0 , 0 , 0 , 0 , 0 , 0 , 0 )
( cnx_main , 1 , 1.57689 , 2 , 10000 , 1200 , 500 , 100 , 120 , 50 , 10 , 12 , 5 )
( cnx_main , 0 , 1.5824 , 2 , 0 , 0 , 0 , 0 , 0 , 0 , 0 , 0 , 0 )
( cnx_slice1 , 1 , 1.5824 , 2 , 12000000 , 3035056 , 1323677 , 10000 , 6000 , 3000 , 260 , 1500 , 800 )
( cnx_slice2 , 1 , 1.5824 , 4 , 12000000 , 3035056 , 1323677 , 10000 , 6000 , 3000 , 260 , 1500 , 800 )
( cnx_slice2 , 0 , 1.60658 , 4 , 0 , 0 , 0 , 0 , 0 , 0 , 0 , 0 , 0 )
( cnx_filter2 , 1 , 1.60658 , 4 , 17000000 , 3235056 , 1623677 , 10500 , 6470 , 3247 , 270 , 1617 , 811 )
( cnx_slice1 , 0 , 1.6066 , 2 , 0 , 0 , 0 , 0 , 0 , 0 , 0 , 0 , 0 )
( cnx_filter1 , 1 , 1.6066 , 2 , 17000000 , 3235056 , 1623677 , 10500 , 6470 , 3247 , 270 , 1617 , 811 )
( cnx_filter1 , 0 , 1.63657 , 2 , 0 , 0 , 0 , 0 , 0 , 0 , 0 , 0 , 0 )
( cnx_out1 , 1 , 1.63657 , 2 , 10000 , 1200 , 500 , 100 , 120 , 50 , 10 , 12 , 5 )
( cnx_filter2 , 0 , 1.63661 , 4 , 0 , 0 , 0 , 0 , 0 , 0 , 0 , 0 , 0 )
( cnx_out2 , 1 , 1.63661 , 4 , 10000 , 1200 , 500 , 100 , 120 , 50 , 10 , 12 , 5 )
( cnx_write_buffer , 1 , 1.64206 , 2 , 0 , 0 , 0 , 0 , 0 , 0 , 0 , 0 , 0 )
( cnx_out2 , 0 , 1.64207 , 4 , 0 , 0 , 0 , 0 , 0 , 0 , 0 , 0 , 0 )
( cnx_write_buffer , 0 , 1.64207 , 2 , 0 , 0 , 0 , 0 , 0 , 0 , 0 , 0 , 0 )
( cnx_write_buffer , 1 , 1.64208 , 2 , 0 , 0 , 0 , 0 , 0 , 0 , 0 , 0 , 0 )
( cnx_write_buffer , 0 , 1.64209 , 2 , 0 , 0 , 0 , 0 , 0 , 0 , 0 , 0 , 0 )
( cnx_out1 , 0 , 1.64209 , 2 , 0 , 0 , 0 , 0 , 0 , 0 , 0 , 0 , 0 )
( cnx_main , 1 , 1.65689 , 2 , 10000 , 1200 , 500 , 100 , 120 , 50 , 10 , 12 , 5 )
( cnx_main , 0 , 1.66239 , 2 , 0 , 0 , 0 , 0 , 0 , 0 , 0 , 0 , 0 )
( cnx_slice1 , 1 , 1.6624 , 2 , 15039303 , 3235056 , 1623677 , 10500 , 6470 , 3247 , 270 , 1617 , 811 )
( cnx_slice2 , 1 , 1.6624 , 4 , 15039303 , 3235056 , 1623677 , 10500 , 6470 , 3247 , 270 , 1617 , 811 )
( cnx_slice1 , 0 , 1.69061 , 2 , 0 , 0 , 0 , 0 , 0 , 0 , 0 , 0 , 0 )
( cnx_filter1 , 1 , 1.69061 , 2 , 17000000 , 3235056 , 1623677 , 10500 , 6470 , 3247 , 270 , 1617 , 811 )
( cnx_slice2 , 0 , 1.69069 , 4 , 0 , 0 , 0 , 0 , 0 , 0 , 0 , 0 , 0 )
( cnx_filter2 , 1 , 1.6907 , 4 , 17000000 , 3235056 , 1623677 , 10500 , 6470 , 3247 , 270 , 1617 , 811 )
( cnx_filter1 , 0 , 1.72057 , 2 , 0 , 0 , 0 , 0 , 0 , 0 , 0 , 0 , 0 )
( cnx_out1 , 1 , 1.72057 , 2 , 10000 , 1200 , 500 , 100 , 120 , 50 , 10 , 12 , 5 )
( cnx_filter2 , 0 , 1.72075 , 4 , 0 , 0 , 0 , 0 , 0 , 0 , 0 , 0 , 0 )
( cnx_out2 , 1 , 1.72076 , 4 , 10000 , 1200 , 500 , 100 , 120 , 50 , 10 , 12 , 5 )
( cnx_out1 , 0 , 1.72603 , 2 , 0 , 0 , 0 , 0 , 0 , 0 , 0 , 0 , 0 )
( cnx_out2 , 0 , 1.72622 , 4 , 0 , 0 , 0 , 0 , 0 , 0 , 0 , 0 , 0 )
( cnx_main , 1 , 1.73689 , 2 , 10000 , 1200 , 500 , 100 , 120 , 50 , 10 , 12 , 5 )
( cnx_main , 0 , 1.74239 , 2 , 0 , 0 , 0 , 0 , 0 , 0 , 0 , 0 , 0 )
( cnx_slice1 , 1 , 1.74239 , 2 , 15039303 , 3235056 , 1623677 , 10500 , 6470 , 3247 , 270 , 1617 , 811 )
( cnx_slice2 , 1 , 1.7424 , 4 , 15039303 , 3235056 , 1623677 , 10500 , 6470 , 3247 , 270 , 1617 , 811 )
( cnx_slice1 , 0 , 1.77067 , 2 , 0 , 0 , 0 , 0 , 0 , 0 , 0 , 0 , 0 )
( cnx_filter1 , 1 , 1.77067 , 2 , 17000000 , 3235056 , 1623677 , 10500 , 6470 , 3247 , 270 , 1617 , 811 )
( cnx_slice2 , 0 , 1.77072 , 4 , 0 , 0 , 0 , 0 , 0 , 0 , 0 , 0 , 0 )
( cnx_filter2 , 1 , 1.77072 , 4 , 17000000 , 3235056 , 1623677 , 10500 , 6470 , 3247 , 270 , 1617 , 811 )
( cnx_filter1 , 0 , 1.80065 , 2 , 0 , 0 , 0 , 0 , 0 , 0 , 0 , 0 , 0 )
( cnx_out1 , 1 , 1.80065 , 2 , 10000 , 1200 , 500 , 100 , 120 , 50 , 10 , 12 , 5 )
( cnx_filter2 , 0 , 1.80071 , 4 , 0 , 0 , 0 , 0 , 0 , 0 , 0 , 0 , 0 )
( cnx_out2 , 1 , 1.80072 , 4 , 10000 , 1200 , 500 , 100 , 120 , 50 , 10 , 12 , 5 )
( cnx_write_buffer , 1 , 1.8061 , 2 , 0 , 0 , 0 , 0 , 0 , 0 , 0 , 0 , 0 )
( cnx_write_buffer , 0 , 1.80612 , 2 , 0 , 0 , 0 , 0 , 0 , 0 , 0 , 0 , 0 )
( cnx_out1 , 0 , 1.80612 , 2 , 0 , 0 , 0 , 0 , 0 , 0 , 0 , 0 , 0 )
( cnx_out2 , 0 , 1.80618 , 4 , 0 , 0 , 0 , 0 , 0 , 0 , 0 , 0 , 0 )
( cnx_write_buffer , 1 , 1.80618 , 2 , 0 , 0 , 0 , 0 , 0 , 0 , 0 , 0 , 0 )
( cnx_write_buffer , 0 , 1.8062 , 2 , 0 , 0 , 0 , 0 , 0 , 0 , 0 , 0 , 0 )
( cnx_main , 1 , 1.81689 , 2 , 10000 , 1200 , 500 , 100 , 120 , 50 , 10 , 12 , 5 )
( cnx_main , 0 , 1.8224 , 2 , 0 , 0 , 0 , 0 , 0 , 0 , 0 , 0 , 0 )
( cnx_slice1 , 1 , 1.8224 , 2 , 15039303 , 3235056 , 1623677 , 10500 , 6470 , 3247 , 270 , 1617 , 811 )
( cnx_slice2 , 1 , 1.8224 , 4 , 15039303 , 3235056 , 1623677 , 10500 , 6470 , 3247 , 270 , 1617 , 811 )
( cnx_slice1 , 0 , 1.85059 , 2 , 0 , 0 , 0 , 0 , 0 , 0 , 0 , 0 , 0 )
( cnx_filter1 , 1 , 1.8506 , 2 , 17000000 , 3235056 , 1623677 , 10500 , 6470 , 3247 , 270 , 1617 , 811 )
( cnx_slice2 , 0 , 1.85064 , 4 , 0 , 0 , 0 , 0 , 0 , 0 , 0 , 0 , 0 )
( cnx_filter2 , 1 , 1.85064 , 4 , 17000000 , 3235056 , 1623677 , 10500 , 6470 , 3247 , 270 , 1617 , 811 )
( cnx_filter1 , 0 , 1.88057 , 2 , 0 , 0 , 0 , 0 , 0 , 0 , 0 , 0 , 0 )
( cnx_out1 , 1 , 1.88057 , 2 , 10000 , 1200 , 500 , 100 , 120 , 50 , 10 , 12 , 5 )
( cnx_filter2 , 0 , 1.88067 , 4 , 0 , 0 , 0 , 0 , 0 , 0 , 0 , 0 , 0 )
( cnx_out2 , 1 , 1.88067 , 4 , 10000 , 1200 , 500 , 100 , 120 , 50 , 10 , 12 , 5 )
( cnx_out1 , 0 , 1.88602 , 2 , 0 , 0 , 0 , 0 , 0 , 0 , 0 , 0 , 0 )
( cnx_out2 , 0 , 1.88613 , 4 , 0 , 0 , 0 , 0 , 0 , 0 , 0 , 0 , 0 )
( cnx_main , 1 , 1.8969 , 2 , 10000 , 1200 , 500 , 100 , 120 , 50 , 10 , 12 , 5 )
( cnx_main , 0 , 1.90236 , 2 , 0 , 0 , 0 , 0 , 0 , 0 , 0 , 0 , 0 )
( cnx_slice1 , 1 , 1.90236 , 2 , 12000000 , 3035056 , 1323677 , 10000 , 6000 , 3000 , 260 , 1500 , 800 )
( cnx_slice2 , 1 , 1.90236 , 4 , 12000000 , 3035056 , 1323677 , 10000 , 6000 , 3000 , 260 , 1500 , 800 )
( cnx_slice2 , 0 , 1.92653 , 4 , 0 , 0 , 0 , 0 , 0 , 0 , 0 , 0 , 0 )
( cnx_filter2 , 1 , 1.92653 , 4 , 17000000 , 3235056 , 1623677 , 10500 , 6470 , 3247 , 270 , 1617 , 811 )
( cnx_slice1 , 0 , 1.92657 , 2 , 0 , 0 , 0 , 0 , 0 , 0 , 0 , 0 , 0 )
( cnx_filter1 , 1 , 1.92658 , 2 , 17000000 , 3235056 , 1623677 , 10500 , 6470 , 3247 , 270 , 1617 , 811 )
( cnx_filter2 , 0 , 1.95649 , 4 , 0 , 0 , 0 , 0 , 0 , 0 , 0 , 0 , 0 )
( cnx_out2 , 1 , 1.9565 , 4 , 10000 , 1200 , 500 , 100 , 120 , 50 , 10 , 12 , 5 )
( cnx_filter1 , 0 , 1.95654 , 2 , 0 , 0 , 0 , 0 , 0 , 0 , 0 , 0 , 0 )
( cnx_out1 , 1 , 1.95655 , 2 , 10000 , 1200 , 500 , 100 , 120 , 50 , 10 , 12 , 5 )
( cnx_out2 , 0 , 1.96195 , 4 , 0 , 0 , 0 , 0 , 0 , 0 , 0 , 0 , 0 )
( cnx_write_buffer , 1 , 1.96195 , 2 , 0 , 0 , 0 , 0 , 0 , 0 , 0 , 0 , 0 )
( cnx_write_buffer , 0 , 1.96197 , 2 , 0 , 0 , 0 , 0 , 0 , 0 , 0 , 0 , 0 )
( cnx_write_buffer , 1 , 1.96202 , 2 , 0 , 0 , 0 , 0 , 0 , 0 , 0 , 0 , 0 )
( cnx_write_buffer , 0 , 1.96203 , 2 , 0 , 0 , 0 , 0 , 0 , 0 , 0 , 0 , 0 )
( cnx_out1 , 0 , 1.96203 , 2 , 0 , 0 , 0 , 0 , 0 , 0 , 0 , 0 , 0 )
( cnx_main , 1 , 1.97689 , 2 , 10000 , 1200 , 500 , 100 , 120 , 50 , 10 , 12 , 5 )
( cnx_main , 0 , 1.98239 , 2 , 0 , 0 , 0 , 0 , 0 , 0 , 0 , 0 , 0 )
( cnx_slice1 , 1 , 1.98239 , 2 , 15039303 , 3235056 , 1623677 , 10500 , 6470 , 3247 , 270 , 1617 , 811 )
( cnx_slice2 , 1 , 1.98239 , 4 , 15039303 , 3235056 , 1623677 , 10500 , 6470 , 3247 , 270 , 1617 , 811 )
( cnx_slice1 , 0 , 2.01066 , 2 , 0 , 0 , 0 , 0 , 0 , 0 , 0 , 0 , 0 )
( cnx_filter1 , 1 , 2.01066 , 2 , 17000000 , 3235056 , 1623677 , 10500 , 6470 , 3247 , 270 , 1617 , 811 )
( cnx_slice2 , 0 , 2.01067 , 4 , 0 , 0 , 0 , 0 , 0 , 0 , 0 , 0 , 0 )
( cnx_filter2 , 1 , 2.01068 , 4 , 17000000 , 3235056 , 1623677 , 10500 , 6470 , 3247 , 270 , 1617 , 811 )
( cnx_filter1 , 0 , 2.04062 , 2 , 0 , 0 , 0 , 0 , 0 , 0 , 0 , 0 , 0 )
( cnx_out1 , 1 , 2.04062 , 2 , 10000 , 1200 , 500 , 100 , 120 , 50 , 10 , 12 , 5 )
( cnx_filter2 , 0 , 2.04064 , 4 , 0 , 0 , 0 , 0 , 0 , 0 , 0 , 0 , 0 )
( cnx_out2 , 1 , 2.04065 , 4 , 10000 , 1200 , 500 , 100 , 120 , 50 , 10 , 12 , 5 )
( cnx_out1 , 0 , 2.04608 , 2 , 0 , 0 , 0 , 0 , 0 , 0 , 0 , 0 , 0 )
( cnx_out2 , 0 , 2.0461 , 4 , 0 , 0 , 0 , 0 , 0 , 0 , 0 , 0 , 0 )
( cnx_main , 1 , 2.05689 , 2 , 10000 , 1200 , 500 , 100 , 120 , 50 , 10 , 12 , 5 )
( cnx_main , 0 , 2.06239 , 2 , 0 , 0 , 0 , 0 , 0 , 0 , 0 , 0 , 0 )
( cnx_slice1 , 1 , 2.06239 , 2 , 15039303 , 3235056 , 1623677 , 10500 , 6470 , 3247 , 270 , 1617 , 811 )
( cnx_slice2 , 1 , 2.06239 , 4 , 15039303 , 3235056 , 1623677 , 10500 , 6470 , 3247 , 270 , 1617 , 811 )
( cnx_slice1 , 0 , 2.09058 , 2 , 0 , 0 , 0 , 0 , 0 , 0 , 0 , 0 , 0 )
( cnx_filter1 , 1 , 2.09058 , 2 , 17000000 , 3235056 , 1623677 , 10500 , 6470 , 3247 , 270 , 1617 , 811 )
( cnx_slice2 , 0 , 2.09062 , 4 , 0 , 0 , 0 , 0 , 0 , 0 , 0 , 0 , 0 )
( cnx_filter2 , 1 , 2.09062 , 4 , 17000000 , 3235056 , 1623677 , 10500 , 6470 , 3247 , 270 , 1617 , 811 )
( cnx_filter1 , 0 , 2.12054 , 2 , 0 , 0 , 0 , 0 , 0 , 0 , 0 , 0 , 0 )
( cnx_out1 , 1 , 2.12054 , 2 , 10000 , 1200 , 500 , 100 , 120 , 50 , 10 , 12 , 5 )
( cnx_filter2 , 0 , 2.12064 , 4 , 0 , 0 , 0 , 0 , 0 , 0 , 0 , 0 , 0 )
( cnx_out2 , 1 , 2.12065 , 4 , 10000 , 1200 , 500 , 100 , 120 , 50 , 10 , 12 , 5 )
( cnx_write_buffer , 1 , 2.126 , 2 , 0 , 0 , 0 , 0 , 0 , 0 , 0 , 0 , 0 )
( cnx_write_buffer , 0 , 2.12601 , 2 , 0 , 0 , 0 , 0 , 0 , 0 , 0 , 0 , 0 )
( cnx_out1 , 0 , 2.12601 , 2 , 0 , 0 , 0 , 0 , 0 , 0 , 0 , 0 , 0 )
( cnx_out2 , 0 , 2.1261 , 4 , 0 , 0 , 0 , 0 , 0 , 0 , 0 , 0 , 0 )
( cnx_write_buffer , 1 , 2.12611 , 2 , 0 , 0 , 0 , 0 , 0 , 0 , 0 , 0 , 0 )
( cnx_write_buffer , 0 , 2.12612 , 2 , 0 , 0 , 0 , 0 , 0 , 0 , 0 , 0 , 0 )
( cnx_main , 1 , 2.13689 , 2 , 10000 , 1200 , 500 , 100 , 120 , 50 , 10 , 12 , 5 )
( cnx_main , 0 , 2.1424 , 2 , 0 , 0 , 0 , 0 , 0 , 0 , 0 , 0 , 0 )
( cnx_slice1 , 1 , 2.1424 , 2 , 15039303 , 3235056 , 1623677 , 10500 , 6470 , 3247 , 270 , 1617 , 811 )
( cnx_slice2 , 1 , 2.14241 , 4 , 15039303 , 3235056 , 1623677 , 10500 , 6470 , 3247 , 270 , 1617 , 811 )
( cnx_slice1 , 0 , 2.17063 , 2 , 0 , 0 , 0 , 0 , 0 , 0 , 0 , 0 , 0 )
( cnx_filter1 , 1 , 2.17063 , 2 , 17000000 , 3235056 , 1623677 , 10500 , 6470 , 3247 , 270 , 1617 , 811 )
( cnx_slice2 , 0 , 2.17064 , 4 , 0 , 0 , 0 , 0 , 0 , 0 , 0 , 0 , 0 )
( cnx_filter2 , 1 , 2.17065 , 4 , 17000000 , 3235056 , 1623677 , 10500 , 6470 , 3247 , 270 , 1617 , 811 )
( cnx_filter2 , 0 , 2.20061 , 4 , 0 , 0 , 0 , 0 , 0 , 0 , 0 , 0 , 0 )
( cnx_out2 , 1 , 2.20061 , 4 , 10000 , 1200 , 500 , 100 , 120 , 50 , 10 , 12 , 5 )
( cnx_filter1 , 0 , 2.20062 , 2 , 0 , 0 , 0 , 0 , 0 , 0 , 0 , 0 , 0 )
( cnx_out1 , 1 , 2.20062 , 2 , 10000 , 1200 , 500 , 100 , 120 , 50 , 10 , 12 , 5 )
( cnx_out2 , 0 , 2.20607 , 4 , 0 , 0 , 0 , 0 , 0 , 0 , 0 , 0 , 0 )
( cnx_out1 , 0 , 2.20608 , 2 , 0 , 0 , 0 , 0 , 0 , 0 , 0 , 0 , 0 )
( cnx_main , 1 , 2.21689 , 2 , 10000 , 1200 , 500 , 100 , 120 , 50 , 10 , 12 , 5 )
( cnx_main , 0 , 2.22239 , 2 , 0 , 0 , 0 , 0 , 0 , 0 , 0 , 0 , 0 )
( cnx_slice1 , 1 , 2.22239 , 2 , 12000000 , 3035056 , 1323677 , 10000 , 6000 , 3000 , 260 , 1500 , 800 )
( cnx_slice2 , 1 , 2.22239 , 4 , 12000000 , 3035056 , 1323677 , 10000 , 6000 , 3000 , 260 , 1500 , 800 )
( cnx_slice1 , 0 , 2.24659 , 2 , 0 , 0 , 0 , 0 , 0 , 0 , 0 , 0 , 0 )
( cnx_filter1 , 1 , 2.24659 , 2 , 17000000 , 3235056 , 1623677 , 10500 , 6470 , 3247 , 270 , 1617 , 811 )
( cnx_slice2 , 0 , 2.24662 , 4 , 0 , 0 , 0 , 0 , 0 , 0 , 0 , 0 , 0 )
( cnx_filter2 , 1 , 2.24662 , 4 , 17000000 , 3235056 , 1623677 , 10500 , 6470 , 3247 , 270 , 1617 , 811 )
( cnx_filter1 , 0 , 2.27655 , 2 , 0 , 0 , 0 , 0 , 0 , 0 , 0 , 0 , 0 )
( cnx_out1 , 1 , 2.27656 , 2 , 10000 , 1200 , 500 , 100 , 120 , 50 , 10 , 12 , 5 )
( cnx_filter2 , 0 , 2.27658 , 4 , 0 , 0 , 0 , 0 , 0 , 0 , 0 , 0 , 0 )
( cnx_out2 , 1 , 2.27659 , 4 , 10000 , 1200 , 500 , 100 , 120 , 50 , 10 , 12 , 5 )
( cnx_out2 , 0 , 2.28204 , 4 , 0 , 0 , 0 , 0 , 0 , 0 , 0 , 0 , 0 )
( cnx_write_buffer , 1 , 2.28205 , 2 , 0 , 0 , 0 , 0 , 0 , 0 , 0 , 0 , 0 )
( cnx_write_buffer , 0 , 2.28206 , 2 , 0 , 0 , 0 , 0 , 0 , 0 , 0 , 0 , 0 )
( cnx_write_buffer , 1 , 2.28209 , 2 , 0 , 0 , 0 , 0 , 0 , 0 , 0 , 0 , 0 )
( cnx_write_buffer , 0 , 2.28211 , 2 , 0 , 0 , 0 , 0 , 0 , 0 , 0 , 0 , 0 )
( cnx_out1 , 0 , 2.28211 , 2 , 0 , 0 , 0 , 0 , 0 , 0 , 0 , 0 , 0 )
( cnx_main , 1 , 2.29689 , 2 , 10000 , 1200 , 500 , 100 , 120 , 50 , 10 , 12 , 5 )
( cnx_main , 0 , 2.30239 , 2 , 0 , 0 , 0 , 0 , 0 , 0 , 0 , 0 , 0 )
( cnx_slice1 , 1 , 2.30239 , 2 , 15039303 , 3235056 , 1623677 , 10500 , 6470 , 3247 , 270 , 1617 , 811 )
( cnx_slice2 , 1 , 2.30239 , 4 , 15039303 , 3235056 , 1623677 , 10500 , 6470 , 3247 , 270 , 1617 , 811 )
( cnx_slice1 , 0 , 2.33058 , 2 , 0 , 0 , 0 , 0 , 0 , 0 , 0 , 0 , 0 )
( cnx_filter1 , 1 , 2.33058 , 2 , 17000000 , 3235056 , 1623677 , 10500 , 6470 , 3247 , 270 , 1617 , 811 )
( cnx_slice2 , 0 , 2.33062 , 4 , 0 , 0 , 0 , 0 , 0 , 0 , 0 , 0 , 0 )
( cnx_filter2 , 1 , 2.33062 , 4 , 17000000 , 3235056 , 1623677 , 10500 , 6470 , 3247 , 270 , 1617 , 811 )
( cnx_filter1 , 0 , 2.36054 , 2 , 0 , 0 , 0 , 0 , 0 , 0 , 0 , 0 , 0 )
( cnx_out1 , 1 , 2.36055 , 2 , 10000 , 1200 , 500 , 100 , 120 , 50 , 10 , 12 , 5 )
( cnx_filter2 , 0 , 2.36059 , 4 , 0 , 0 , 0 , 0 , 0 , 0 , 0 , 0 , 0 )
( cnx_out2 , 1 , 2.36059 , 4 , 10000 , 1200 , 500 , 100 , 120 , 50 , 10 , 12 , 5 )
( cnx_out1 , 0 , 2.366 , 2 , 0 , 0 , 0 , 0 , 0 , 0 , 0 , 0 , 0 )
( cnx_out2 , 0 , 2.36605 , 4 , 0 , 0 , 0 , 0 , 0 , 0 , 0 , 0 , 0 )
( cnx_main , 1 , 2.3769 , 2 , 10000 , 1200 , 500 , 100 , 120 , 50 , 10 , 12 , 5 )
( cnx_main , 0 , 2.38235 , 2 , 0 , 0 , 0 , 0 , 0 , 0 , 0 , 0 , 0 )
( cnx_slice1 , 1 , 2.38236 , 2 , 15039303 , 3235056 , 1623677 , 10500 , 6470 , 3247 , 270 , 1617 , 811 )
( cnx_slice2 , 1 , 2.38236 , 4 , 15039303 , 3235056 , 1623677 , 10500 , 6470 , 3247 , 270 , 1617 , 811 )
( cnx_slice1 , 0 , 2.41064 , 2 , 0 , 0 , 0 , 0 , 0 , 0 , 0 , 0 , 0 )
( cnx_filter1 , 1 , 2.41064 , 2 , 17000000 , 3235056 , 1623677 , 10500 , 6470 , 3247 , 270 , 1617 , 811 )
( cnx_slice2 , 0 , 2.4107 , 4 , 0 , 0 , 0 , 0 , 0 , 0 , 0 , 0 , 0 )
( cnx_filter2 , 1 , 2.4107 , 4 , 17000000 , 3235056 , 1623677 , 10500 , 6470 , 3247 , 270 , 1617 , 811 )
( cnx_filter1 , 0 , 2.44062 , 2 , 0 , 0 , 0 , 0 , 0 , 0 , 0 , 0 , 0 )
( cnx_out1 , 1 , 2.44062 , 2 , 10000 , 1200 , 500 , 100 , 120 , 50 , 10 , 12 , 5 )
( cnx_filter2 , 0 , 2.44077 , 4 , 0 , 0 , 0 , 0 , 0 , 0 , 0 , 0 , 0 )
( cnx_out2 , 1 , 2.44078 , 4 , 10000 , 1200 , 500 , 100 , 120 , 50 , 10 , 12 , 5 )
( cnx_write_buffer , 1 , 2.44608 , 2 , 0 , 0 , 0 , 0 , 0 , 0 , 0 , 0 , 0 )
( cnx_write_buffer , 0 , 2.44609 , 2 , 0 , 0 , 0 , 0 , 0 , 0 , 0 , 0 , 0 )
( cnx_out1 , 0 , 2.4461 , 2 , 0 , 0 , 0 , 0 , 0 , 0 , 0 , 0 , 0 )
( cnx_out2 , 0 , 2.44625 , 4 , 0 , 0 , 0 , 0 , 0 , 0 , 0 , 0 , 0 )
( cnx_write_buffer , 1 , 2.44625 , 2 , 0 , 0 , 0 , 0 , 0 , 0 , 0 , 0 , 0 )
( cnx_write_buffer , 0 , 2.44626 , 2 , 0 , 0 , 0 , 0 , 0 , 0 , 0 , 0 , 0 )
( cnx_main , 1 , 2.4569 , 2 , 10000 , 1200 , 500 , 100 , 120 , 50 , 10 , 12 , 5 )
( cnx_main , 0 , 2.46235 , 2 , 0 , 0 , 0 , 0 , 0 , 0 , 0 , 0 , 0 )
( cnx_slice1 , 1 , 2.46235 , 2 , 15039303 , 3235056 , 1623677 , 10500 , 6470 , 3247 , 270 , 1617 , 811 )
( cnx_slice2 , 1 , 2.46235 , 4 , 15039303 , 3235056 , 1623677 , 10500 , 6470 , 3247 , 270 , 1617 , 811 )
( cnx_slice2 , 0 , 2.4906 , 4 , 0 , 0 , 0 , 0 , 0 , 0 , 0 , 0 , 0 )
( cnx_filter2 , 1 , 2.49061 , 4 , 17000000 , 3235056 , 1623677 , 10500 , 6470 , 3247 , 270 , 1617 , 811 )
( cnx_slice1 , 0 , 2.49065 , 2 , 0 , 0 , 0 , 0 , 0 , 0 , 0 , 0 , 0 )
( cnx_filter1 , 1 , 2.49066 , 2 , 17000000 , 3235056 , 1623677 , 10500 , 6470 , 3247 , 270 , 1617 , 811 )
( cnx_filter2 , 0 , 2.5206 , 4 , 0 , 0 , 0 , 0 , 0 , 0 , 0 , 0 , 0 )
( cnx_out2 , 1 , 2.5206 , 4 , 10000 , 1200 , 500 , 100 , 120 , 50 , 10 , 12 , 5 )
( cnx_filter1 , 0 , 2.52066 , 2 , 0 , 0 , 0 , 0 , 0 , 0 , 0 , 0 , 0 )
( cnx_out1 , 1 , 2.52066 , 2 , 10000 , 1200 , 500 , 100 , 120 , 50 , 10 , 12 , 5 )
( cnx_out2 , 0 , 2.52605 , 4 , 0 , 0 , 0 , 0 , 0 , 0 , 0 , 0 , 0 )
( cnx_out1 , 0 , 2.52612 , 2 , 0 , 0 , 0 , 0 , 0 , 0 , 0 , 0 , 0 )
( cnx_main , 1 , 2.53689 , 2 , 10000 , 1200 , 500 , 100 , 120 , 50 , 10 , 12 , 5 )
( cnx_main , 0 , 2.5424 , 2 , 0 , 0 , 0 , 0 , 0 , 0 , 0 , 0 , 0 )
( cnx_slice1 , 1 , 2.5424 , 2 , 12000000 , 3035056 , 1323677 , 10000 , 6000 , 3000 , 260 , 1500 , 800 )
( cnx_slice2 , 1 , 2.5424 , 4 , 12000000 , 3035056 , 1323677 , 10000 , 6000 , 3000 , 260 , 1500 , 800 )
( cnx_slice2 , 0 , 2.56658 , 4 , 0 , 0 , 0 , 0 , 0 , 0 , 0 , 0 , 0 )
( cnx_filter2 , 1 , 2.56658 , 4 , 17000000 , 3235056 , 1623677 , 10500 , 6470 , 3247 , 270 , 1617 , 811 )
( cnx_slice1 , 0 , 2.56661 , 2 , 0 , 0 , 0 , 0 , 0 , 0 , 0 , 0 , 0 )
( cnx_filter1 , 1 , 2.56661 , 2 , 17000000 , 3235056 , 1623677 , 10500 , 6470 , 3247 , 270 , 1617 , 811 )
( cnx_filter2 , 0 , 2.59655 , 4 , 0 , 0 , 0 , 0 , 0 , 0 , 0 , 0 , 0 )
( cnx_out2 , 1 , 2.59656 , 4 , 10000 , 1200 , 500 , 100 , 120 , 50 , 10 , 12 , 5 )
( cnx_filter1 , 0 , 2.5966 , 2 , 0 , 0 , 0 , 0 , 0 , 0 , 0 , 0 , 0 )
( cnx_out1 , 1 , 2.59661 , 2 , 10000 , 1200 , 500 , 100 , 120 , 50 , 10 , 12 , 5 )
( cnx_out2 , 0 , 2.60201 , 4 , 0 , 0 , 0 , 0 , 0 , 0 , 0 , 0 , 0 )
( cnx_write_buffer , 1 , 2.60202 , 2 , 0 , 0 , 0 , 0 , 0 , 0 , 0 , 0 , 0 )
( cnx_write_buffer , 0 , 2.60203 , 2 , 0 , 0 , 0 , 0 , 0 , 0 , 0 , 0 , 0 )
( cnx_write_buffer , 1 , 2.60208 , 2 , 0 , 0 , 0 , 0 , 0 , 0 , 0 , 0 , 0 )
( cnx_write_buffer , 0 , 2.60209 , 2 , 0 , 0 , 0 , 0 , 0 , 0 , 0 , 0 , 0 )
( cnx_out1 , 0 , 2.60209 , 2 , 0 , 0 , 0 , 0 , 0 , 0 , 0 , 0 , 0 )
( cnx_main , 1 , 2.61689 , 2 , 10000 , 1200 , 500 , 100 , 120 , 50 , 10 , 12 , 5 )
( cnx_main , 0 , 2.62239 , 2 , 0 , 0 , 0 , 0 , 0 , 0 , 0 , 0 , 0 )
( cnx_slice1 , 1 , 2.62239 , 2 , 15039303 , 3235056 , 1623677 , 10500 , 6470 , 3247 , 270 , 1617 , 811 )
( cnx_slice2 , 1 , 2.6224 , 4 , 15039303 , 3235056 , 1623677 , 10500 , 6470 , 3247 , 270 , 1617 , 811 )
( cnx_slice1 , 0 , 2.65059 , 2 , 0 , 0 , 0 , 0 , 0 , 0 , 0 , 0 , 0 )
( cnx_filter1 , 1 , 2.65059 , 2 , 17000000 , 3235056 , 1623677 , 10500 , 6470 , 3247 , 270 , 1617 , 811 )
( cnx_slice2 , 0 , 2.65062 , 4 , 0 , 0 , 0 , 0 , 0 , 0 , 0 , 0 , 0 )
( cnx_filter2 , 1 , 2.65063 , 4 , 17000000 , 3235056 , 1623677 , 10500 , 6470 , 3247 , 270 , 1617 , 811 )
( cnx_filter2 , 0 , 2.68059 , 4 , 0 , 0 , 0 , 0 , 0 , 0 , 0 , 0 , 0 )
( cnx_out2 , 1 , 2.68059 , 4 , 10000 , 1200 , 500 , 100 , 120 , 50 , 10 , 12 , 5 )
( cnx_filter1 , 0 , 2.68064 , 2 , 0 , 0 , 0 , 0 , 0 , 0 , 0 , 0 , 0 )
( cnx_out1 , 1 , 2.68065 , 2 , 10000 , 1200 , 500 , 100 , 120 , 50 , 10 , 12 , 5 )
( cnx_out2 , 0 , 2.68605 , 4 , 0 , 0 , 0 , 0 , 0 , 0 , 0 , 0 , 0 )
( cnx_out1 , 0 , 2.68611 , 2 , 0 , 0 , 0 , 0 , 0 , 0 , 0 , 0 , 0 )
( cnx_main , 1 , 2.69689 , 2 , 10000 , 1200 , 500 , 100 , 120 , 50 , 10 , 12 , 5 )
( cnx_main , 0 , 2.70239 , 2 , 0 , 0 , 0 , 0 , 0 , 0 , 0 , 0 , 0 )
( cnx_slice1 , 1 , 2.70239 , 2 , 15039303 , 3235056 , 1623677 , 10500 , 6470 , 3247 , 270 , 1617 , 811 )
( cnx_slice2 , 1 , 2.70239 , 4 , 15039303 , 3235056 , 1623677 , 10500 , 6470 , 3247 , 270 , 1617 , 811 )
( cnx_slice2 , 0 , 2.73063 , 4 , 0 , 0 , 0 , 0 , 0 , 0 , 0 , 0 , 0 )
( cnx_filter2 , 1 , 2.73064 , 4 , 17000000 , 3235056 , 1623677 , 10500 , 6470 , 3247 , 270 , 1617 , 811 )
( cnx_slice1 , 0 , 2.73068 , 2 , 0 , 0 , 0 , 0 , 0 , 0 , 0 , 0 , 0 )
( cnx_filter1 , 1 , 2.73068 , 2 , 17000000 , 3235056 , 1623677 , 10500 , 6470 , 3247 , 270 , 1617 , 811 )
( cnx_filter2 , 0 , 2.76064 , 4 , 0 , 0 , 0 , 0 , 0 , 0 , 0 , 0 , 0 )
( cnx_out2 , 1 , 2.76064 , 4 , 10000 , 1200 , 500 , 100 , 120 , 50 , 10 , 12 , 5 )
( cnx_filter1 , 0 , 2.76067 , 2 , 0 , 0 , 0 , 0 , 0 , 0 , 0 , 0 , 0 )
( cnx_out1 , 1 , 2.76067 , 2 , 10000 , 1200 , 500 , 100 , 120 , 50 , 10 , 12 , 5 )
( cnx_out2 , 0 , 2.7661 , 4 , 0 , 0 , 0 , 0 , 0 , 0 , 0 , 0 , 0 )
( cnx_write_buffer , 1 , 2.7661 , 2 , 0 , 0 , 0 , 0 , 0 , 0 , 0 , 0 , 0 )
( cnx_write_buffer , 0 , 2.76611 , 2 , 0 , 0 , 0 , 0 , 0 , 0 , 0 , 0 , 0 )
( cnx_write_buffer , 1 , 2.7662 , 2 , 0 , 0 , 0 , 0 , 0 , 0 , 0 , 0 , 0 )
( cnx_write_buffer , 0 , 2.76622 , 2 , 0 , 0 , 0 , 0 , 0 , 0 , 0 , 0 , 0 )
( cnx_out1 , 0 , 2.76622 , 2 , 0 , 0 , 0 , 0 , 0 , 0 , 0 , 0 , 0 )
( cnx_main , 1 , 2.77689 , 2 , 10000 , 1200 , 500 , 100 , 120 , 50 , 10 , 12 , 5 )
( cnx_main , 0 , 2.78236 , 2 , 0 , 0 , 0 , 0 , 0 , 0 , 0 , 0 , 0 )
( cnx_slice2 , 1 , 2.78237 , 4 , 15039303 , 3235056 , 1623677 , 10500 , 6470 , 3247 , 270 , 1617 , 811 )
( cnx_slice1 , 1 , 2.78237 , 2 , 15039303 , 3235056 , 1623677 , 10500 , 6470 , 3247 , 270 , 1617 , 811 )
( cnx_slice1 , 0 , 2.81058 , 2 , 0 , 0 , 0 , 0 , 0 , 0 , 0 , 0 , 0 )
( cnx_filter1 , 1 , 2.81058 , 2 , 17000000 , 3235056 , 1623677 , 10500 , 6470 , 3247 , 270 , 1617 , 811 )
( cnx_slice2 , 0 , 2.81061 , 4 , 0 , 0 , 0 , 0 , 0 , 0 , 0 , 0 , 0 )
( cnx_filter2 , 1 , 2.81061 , 4 , 17000000 , 3235056 , 1623677 , 10500 , 6470 , 3247 , 270 , 1617 , 811 )
( cnx_filter1 , 0 , 2.84061 , 2 , 0 , 0 , 0 , 0 , 0 , 0 , 0 , 0 , 0 )
( cnx_out1 , 1 , 2.84062 , 2 , 10000 , 1200 , 500 , 100 , 120 , 50 , 10 , 12 , 5 )
( cnx_filter2 , 0 , 2.84068 , 4 , 0 , 0 , 0 , 0 , 0 , 0 , 0 , 0 , 0 )
( cnx_out2 , 1 , 2.84069 , 4 , 10000 , 1200 , 500 , 100 , 120 , 50 , 10 , 12 , 5 )
( cnx_out1 , 0 , 2.84608 , 2 , 0 , 0 , 0 , 0 , 0 , 0 , 0 , 0 , 0 )
( cnx_out2 , 0 , 2.84615 , 4 , 0 , 0 , 0 , 0 , 0 , 0 , 0 , 0 , 0 )
( cnx_main , 1 , 2.85689 , 2 , 10000 , 1200 , 500 , 100 , 120 , 50 , 10 , 12 , 5 )
( cnx_main , 0 , 2.86235 , 2 , 0 , 0 , 0 , 0 , 0 , 0 , 0 , 0 , 0 )
( cnx_slice1 , 1 , 2.86235 , 2 , 12000000 , 3035056 , 1323677 , 10000 , 6000 , 3000 , 260 , 1500 , 800 )
( cnx_slice2 , 1 , 2.86235 , 4 , 12000000 , 3035056 , 1323677 , 10000 , 6000 , 3000 , 260 , 1500 , 800 )
( cnx_slice1 , 0 , 2.88656 , 2 , 0 , 0 , 0 , 0 , 0 , 0 , 0 , 0 , 0 )
( cnx_filter1 , 1 , 2.88657 , 2 , 17000000 , 3235056 , 1623677 , 10500 , 6470 , 3247 , 270 , 1617 , 811 )
( cnx_slice2 , 0 , 2.88663 , 4 , 0 , 0 , 0 , 0 , 0 , 0 , 0 , 0 , 0 )
( cnx_filter2 , 1 , 2.88664 , 4 , 17000000 , 3235056 , 1623677 , 10500 , 6470 , 3247 , 270 , 1617 , 811 )
( cnx_filter1 , 0 , 2.91655 , 2 , 0 , 0 , 0 , 0 , 0 , 0 , 0 , 0 , 0 )
( cnx_out1 , 1 , 2.91655 , 2 , 10000 , 1200 , 500 , 100 , 120 , 50 , 10 , 12 , 5 )
( cnx_filter2 , 0 , 2.91663 , 4 , 0 , 0 , 0 , 0 , 0 , 0 , 0 , 0 , 0 )
( cnx_out2 , 1 , 2.91664 , 4 , 10000 , 1200 , 500 , 100 , 120 , 50 , 10 , 12 , 5 )
( cnx_write_buffer , 1 , 2.92201 , 2 , 0 , 0 , 0 , 0 , 0 , 0 , 0 , 0 , 0 )
( cnx_write_buffer , 0 , 2.92202 , 2 , 0 , 0 , 0 , 0 , 0 , 0 , 0 , 0 , 0 )
( cnx_out1 , 0 , 2.92202 , 2 , 0 , 0 , 0 , 0 , 0 , 0 , 0 , 0 , 0 )
( cnx_out2 , 0 , 2.9221 , 4 , 0 , 0 , 0 , 0 , 0 , 0 , 0 , 0 , 0 )
( cnx_write_buffer , 1 , 2.9221 , 2 , 0 , 0 , 0 , 0 , 0 , 0 , 0 , 0 , 0 )
( cnx_write_buffer , 0 , 2.92212 , 2 , 0 , 0 , 0 , 0 , 0 , 0 , 0 , 0 , 0 )
( cnx_main , 1 , 2.9369 , 2 , 10000 , 1200 , 500 , 100 , 120 , 50 , 10 , 12 , 5 )
( cnx_main , 0 , 2.94237 , 2 , 0 , 0 , 0 , 0 , 0 , 0 , 0 , 0 , 0 )
( cnx_slice1 , 1 , 2.94237 , 2 , 15039303 , 3235056 , 1623677 , 10500 , 6470 , 3247 , 270 , 1617 , 811 )
( cnx_slice2 , 1 , 2.94237 , 4 , 15039303 , 3235056 , 1623677 , 10500 , 6470 , 3247 , 270 , 1617 , 811 )
( cnx_slice1 , 0 , 2.97057 , 2 , 0 , 0 , 0 , 0 , 0 , 0 , 0 , 0 , 0 )
( cnx_filter1 , 1 , 2.97057 , 2 , 17000000 , 3235056 , 1623677 , 10500 , 6470 , 3247 , 270 , 1617 , 811 )
( cnx_slice2 , 0 , 2.97062 , 4 , 0 , 0 , 0 , 0 , 0 , 0 , 0 , 0 , 0 )
( cnx_filter2 , 1 , 2.97063 , 4 , 17000000 , 3235056 , 1623677 , 10500 , 6470 , 3247 , 270 , 1617 , 811 )
( cnx_filter2 , 0 , 3.00062 , 4 , 0 , 0 , 0 , 0 , 0 , 0 , 0 , 0 , 0 )
( cnx_out2 , 1 , 3.00062 , 4 , 10000 , 1200 , 500 , 100 , 120 , 50 , 10 , 12 , 5 )
( cnx_filter1 , 0 , 3.00064 , 2 , 0 , 0 , 0 , 0 , 0 , 0 , 0 , 0 , 0 )
( cnx_out1 , 1 , 3.00064 , 2 , 10000 , 1200 , 500 , 100 , 120 , 50 , 10 , 12 , 5 )
( cnx_out2 , 0 , 3.00608 , 4 , 0 , 0 , 0 , 0 , 0 , 0 , 0 , 0 , 0 )
( cnx_out1 , 0 , 3.0061 , 2 , 0 , 0 , 0 , 0 , 0 , 0 , 0 , 0 , 0 )
( cnx_main , 1 , 3.01689 , 2 , 10000 , 1200 , 500 , 100 , 120 , 50 , 10 , 12 , 5 )
( cnx_main , 0 , 3.02236 , 2 , 0 , 0 , 0 , 0 , 0 , 0 , 0 , 0 , 0 )
( cnx_slice1 , 1 , 3.02237 , 2 , 15039303 , 3235056 , 1623677 , 10500 , 6470 , 3247 , 270 , 1617 , 811 )
( cnx_slice2 , 1 , 3.02237 , 4 , 15039303 , 3235056 , 1623677 , 10500 , 6470 , 3247 , 270 , 1617 , 811 )
( cnx_slice1 , 0 , 3.05059 , 2 , 0 , 0 , 0 , 0 , 0 , 0 , 0 , 0 , 0 )
( cnx_filter1 , 1 , 3.05059 , 2 , 17000000 , 3235056 , 1623677 , 10500 , 6470 , 3247 , 270 , 1617 , 811 )
( cnx_slice2 , 0 , 3.05061 , 4 , 0 , 0 , 0 , 0 , 0 , 0 , 0 , 0 , 0 )
( cnx_filter2 , 1 , 3.05061 , 4 , 17000000 , 3235056 , 1623677 , 10500 , 6470 , 3247 , 270 , 1617 , 811 )
